frog-hd-pop0001.png, 51, 0, 52, 36, 46, 63, 42, 41
frog-hd-pop0002.png, 105, 0, 78, 66, 36, 41, 26, 33
frog-hd-pop0003.png, 185, 0, 100, 94, 20, 22, 20, 24
frog-hd-pop0004.png, 287, 0, 120, 106, 9, 13, 11, 21
frog-hd-pop0005.png, 0, 470, 138, 132, 0, 3, 2, 5
frog-hd-pop0006.png, 140, 470, 140, 140, 0, 0, 0, 0
frog-hd-pop0007.png, 130, 222, 128, 130, 6, 5, 6, 5
frog-hd-pop0008.png, 374, 108, 124, 108, 8, 12, 8, 20
frog-hd-pop0009.png, 0, 354, 134, 108, 6, 13, 0, 19
frog-hd-pop0010.png, 136, 354, 136, 110, 2, 12, 2, 18
frog-hd-pop0011.png, 274, 354, 138, 114, 2, 8, 0, 18
frog-hd-pop0012.png, 260, 222, 130, 112, 3, 13, 7, 15
frog-hd-pop0013.png, 0, 222, 128, 110, 4, 10, 8, 20
frog-hd-pop0014.png, 248, 108, 124, 112, 5, 10, 11, 18
frog-hd-pop0015.png, 122, 108, 124, 96, 6, 17, 10, 27
frog-hd-pop0016.png, 0, 108, 120, 100, 7, 17, 13, 23
frog-hd-pop0017.png, 0, 0, 49, 37, 0, 26, 14, 0
