paging_010001.png, 2, 2, 30, 30, 6, 8, 8, 8
paging_010002.png, 34, 2, 32, 34, 6, 6, 6, 6
paging_010003.png, 68, 2, 34, 36, 5, 5, 5, 5
paging_010004.png, 104, 2, 36, 38, 4, 4, 4, 4
paging_010005.png, 142, 2, 38, 40, 3, 3, 3, 3
paging_010006.png, 182, 2, 40, 42, 2, 2, 2, 2
paging_010007.png, 2, 46, 42, 44, 1, 1, 1, 1
paging_010008.png, 46, 46, 44, 46, 0, 0, 0, 0
paging_010009.png, 92, 46, 44, 46, 0, 0, 0, 0
paging_010010.png, 138, 46, 44, 46, 0, 0, 0, 0
paging_010011.png, 184, 46, 44, 46, 0, 0, 0, 0
paging_010012.png, 2, 94, 44, 46, 0, 0, 0, 0
paging_010013.png, 48, 94, 44, 46, 0, 0, 0, 0
paging_010014.png, 94, 94, 44, 46, 0, 0, 0, 0
paging_010015.png, 140, 94, 44, 46, 0, 0, 0, 0
paging_010016.png, 186, 94, 44, 46, 0, 0, 0, 0
paging_010017.png, 2, 142, 44, 46, 0, 0, 0, 0
paging_010018.png, 2, 94, 44, 46, 0, 0, 0, 0
