achiev_pic_01.png, 2, 2, 148, 148, 0, 0, 0, 0
achiev_pic_02.png, 152, 2, 148, 148, 0, 0, 0, 0
achiev_pic_03.png, 302, 2, 148, 148, 0, 0, 0, 0
achiev_pic_04.png, 452, 2, 148, 148, 0, 0, 0, 0
achiev_pic_05.png, 602, 2, 148, 148, 0, 0, 0, 0
achiev_pic_06.png, 752, 2, 148, 148, 0, 0, 0, 0
achiev_pic_07.png, 2, 152, 148, 148, 0, 0, 0, 0
achiev_pic_08.png, 152, 152, 148, 148, 0, 0, 0, 0
achiev_pic_09.png, 302, 152, 148, 148, 0, 0, 0, 0
achiev_pic_10.png, 452, 152, 148, 148, 0, 0, 0, 0
achiev_pic_11.png, 602, 152, 148, 148, 0, 0, 0, 0
achiev_pic_12.png, 752, 152, 148, 148, 0, 0, 0, 0
achiev_pic_13.png, 2, 302, 148, 148, 0, 0, 0, 0
achiev_pic_14.png, 152, 302, 148, 148, 0, 0, 0, 0
achiev_pic_15.png, 302, 302, 148, 148, 0, 0, 0, 0
achiev_pic_16.png, 452, 302, 148, 148, 0, 0, 0, 0
achiev_pic_17.png, 602, 302, 148, 148, 0, 0, 0, 0
achiev_pic_18.png, 752, 302, 148, 148, 0, 0, 0, 0
achiev_pic_19.png, 2, 452, 148, 148, 0, 0, 0, 0
achiev_pic_20.png, 152, 452, 148, 148, 0, 0, 0, 0
achiev_pic_21.png, 302, 452, 148, 148, 0, 0, 0, 0
achiev_pic_22.png, 452, 452, 148, 148, 0, 0, 0, 0
achiev_pic_23.png, 602, 452, 148, 148, 0, 0, 0, 0
achiev_pic_24.png, 752, 452, 148, 148, 0, 0, 0, 0
achiev_pic_25.png, 2, 602, 148, 148, 0, 0, 0, 0
achiev_pic_26.png, 152, 602, 148, 148, 0, 0, 0, 0
achiev_pic_27.png, 302, 602, 148, 148, 0, 0, 0, 0
achiev_pic_28.png, 452, 602, 148, 148, 0, 0, 0, 0
achiev_pic_29.png, 602, 602, 148, 148, 0, 0, 0, 0
achiev_pic_30.png, 752, 602, 148, 148, 0, 0, 0, 0
achiev_pic_31.png, 2, 752, 148, 148, 0, 0, 0, 0
achiev_pic_32.png, 152, 752, 148, 148, 0, 0, 0, 0
