astrofrog0001.png, 2, 2, 112, 102, 102, 76, 66, 102
astrofrog0002.png, 116, 2, 112, 100, 103, 78, 65, 102
astrofrog0003.png, 230, 2, 114, 98, 102, 80, 64, 102
astrofrog0004.png, 346, 2, 114, 94, 102, 84, 64, 102
astrofrog0005.png, 462, 2, 112, 78, 104, 100, 64, 102
astrofrog0006.png, 576, 2, 114, 82, 103, 96, 63, 102
astrofrog0007.png, 692, 2, 114, 86, 104, 92, 62, 102
astrofrog0008.png, 808, 2, 114, 102, 104, 76, 62, 102
astrofrog0009.png, 924, 2, 114, 106, 105, 72, 61, 102
astrofrog0010.png, 1040, 2, 116, 110, 104, 68, 60, 102
astrofrog0011.png, 1158, 2, 114, 114, 106, 64, 60, 102
astrofrog0012.png, 1274, 2, 114, 118, 107, 60, 59, 102
astrofrog0013.png, 1390, 2, 116, 116, 105, 62, 59, 102
astrofrog0014.png, 1508, 2, 114, 114, 106, 64, 60, 102
astrofrog0015.png, 1624, 2, 114, 112, 106, 66, 60, 102
astrofrog0016.png, 1740, 2, 114, 110, 106, 68, 60, 102
astrofrog0017.png, 1856, 2, 114, 108, 106, 70, 60, 102
astrofrog0018.png, 2, 122, 114, 106, 106, 72, 60, 102
astrofrog0019.png, 118, 122, 114, 104, 106, 74, 60, 102
astrofrog0020.png, 234, 122, 114, 104, 106, 74, 60, 102
astrofrog0021.png, 234, 122, 114, 104, 106, 74, 60, 102
astrofrog0022.png, 234, 122, 114, 104, 106, 74, 60, 102
astrofrog0023.png, 234, 122, 114, 104, 106, 74, 60, 102
astrofrog0024.png, 234, 122, 114, 104, 106, 74, 60, 102
astrofrog0025.png, 234, 122, 114, 104, 106, 74, 60, 102
astrofrog0026.png, 234, 122, 114, 104, 106, 74, 60, 102
astrofrog0027.png, 234, 122, 114, 104, 106, 74, 60, 102
astrofrog0028.png, 234, 122, 114, 104, 106, 74, 60, 102
astrofrog0029.png, 234, 122, 114, 104, 106, 74, 60, 102
astrofrog0030.png, 350, 122, 114, 104, 106, 74, 60, 102
astrofrog0031.png, 466, 122, 114, 104, 106, 74, 60, 102
astrofrog0032.png, 466, 122, 114, 104, 106, 74, 60, 102
astrofrog0033.png, 466, 122, 114, 104, 106, 74, 60, 102
astrofrog0034.png, 466, 122, 114, 104, 106, 74, 60, 102
astrofrog0035.png, 350, 122, 114, 104, 106, 74, 60, 102
astrofrog0036.png, 582, 122, 114, 104, 106, 74, 60, 102
astrofrog0037.png, 234, 122, 114, 104, 106, 74, 60, 102
astrofrog0038.png, 234, 122, 114, 104, 106, 74, 60, 102
astrofrog0039.png, 234, 122, 114, 104, 106, 74, 60, 102
astrofrog0040.png, 234, 122, 114, 104, 106, 74, 60, 102
astrofrog0041.png, 234, 122, 114, 104, 106, 74, 60, 102
astrofrog0042.png, 234, 122, 114, 104, 106, 74, 60, 102
astrofrog0043.png, 234, 122, 114, 104, 106, 74, 60, 102
astrofrog0044.png, 234, 122, 114, 104, 106, 74, 60, 102
astrofrog0045.png, 234, 122, 114, 104, 106, 74, 60, 102
astrofrog0046.png, 234, 122, 114, 104, 106, 74, 60, 102
astrofrog0047.png, 234, 122, 114, 104, 106, 74, 60, 102
astrofrog0048.png, 234, 122, 114, 104, 106, 74, 60, 102
astrofrog0049.png, 234, 122, 114, 104, 106, 74, 60, 102
astrofrog0050.png, 234, 122, 114, 104, 106, 74, 60, 102
astrofrog0051.png, 698, 122, 114, 104, 106, 74, 60, 102
astrofrog0052.png, 814, 122, 114, 100, 105, 78, 61, 102
astrofrog0053.png, 930, 122, 114, 98, 104, 80, 62, 102
astrofrog0054.png, 1046, 122, 114, 94, 103, 84, 63, 102
astrofrog0055.png, 462, 2, 112, 78, 104, 100, 64, 102
astrofrog0056.png, 1162, 122, 112, 80, 104, 98, 64, 102
astrofrog0057.png, 1276, 122, 114, 82, 102, 96, 64, 102
astrofrog0058.png, 1392, 122, 114, 84, 102, 94, 64, 102
astrofrog0059.png, 1508, 122, 112, 86, 103, 92, 65, 102
astrofrog0060.png, 1622, 122, 112, 100, 103, 78, 65, 102
astrofrog0061.png, 1736, 122, 112, 100, 103, 78, 65, 102
astrofrog0062.png, 1850, 122, 112, 102, 102, 76, 66, 102
astrofrog0063.png, 2, 2, 112, 102, 102, 76, 66, 102
astrofrog0064.png, 2, 2, 112, 102, 102, 76, 66, 102
astrofrog0065.png, 2, 2, 112, 102, 102, 76, 66, 102
astrofrog0066.png, 2, 2, 112, 102, 102, 76, 66, 102
astrofrog0067.png, 2, 2, 112, 102, 102, 76, 66, 102
astrofrog0068.png, 2, 2, 112, 102, 102, 76, 66, 102
astrofrog0069.png, 2, 2, 112, 102, 102, 76, 66, 102
astrofrog0070.png, 2, 2, 112, 102, 102, 76, 66, 102
astrofrog0071.png, 2, 2, 112, 102, 102, 76, 66, 102
astrofrog0072.png, 2, 2, 112, 102, 102, 76, 66, 102
astrofrog0073.png, 2, 2, 112, 102, 102, 76, 66, 102
astrofrog0074.png, 2, 230, 112, 100, 103, 78, 65, 102
astrofrog0075.png, 116, 230, 114, 98, 102, 80, 64, 102
astrofrog0076.png, 232, 230, 114, 94, 102, 84, 64, 102
astrofrog0077.png, 348, 230, 112, 78, 104, 100, 64, 102
astrofrog0078.png, 462, 230, 114, 80, 101, 98, 65, 102
astrofrog0079.png, 578, 230, 114, 96, 99, 82, 67, 102
astrofrog0080.png, 694, 230, 114, 96, 97, 82, 69, 102
astrofrog0081.png, 810, 230, 114, 98, 96, 80, 70, 102
astrofrog0082.png, 926, 230, 114, 104, 94, 74, 72, 102
astrofrog0083.png, 1042, 230, 114, 110, 92, 68, 74, 102
astrofrog0084.png, 1158, 230, 114, 116, 91, 62, 75, 102
astrofrog0085.png, 1274, 230, 114, 114, 91, 64, 75, 102
astrofrog0086.png, 1390, 230, 114, 112, 91, 66, 75, 102
astrofrog0087.png, 1506, 230, 114, 110, 91, 68, 75, 102
astrofrog0088.png, 1622, 230, 114, 108, 91, 70, 75, 102
astrofrog0089.png, 1738, 230, 114, 106, 91, 72, 75, 102
astrofrog0090.png, 1854, 230, 114, 104, 91, 74, 75, 102
astrofrog0091.png, 2, 348, 114, 102, 91, 76, 75, 102
astrofrog0092.png, 118, 348, 114, 102, 91, 76, 75, 102
astrofrog0093.png, 234, 348, 114, 102, 91, 76, 75, 102
astrofrog0094.png, 350, 348, 114, 102, 91, 76, 75, 102
astrofrog0095.png, 466, 348, 114, 102, 91, 76, 75, 102
astrofrog0096.png, 582, 348, 114, 100, 91, 78, 75, 102
astrofrog0097.png, 698, 348, 114, 100, 91, 78, 75, 102
astrofrog0098.png, 814, 348, 114, 100, 91, 78, 75, 102
astrofrog0099.png, 930, 348, 114, 102, 91, 76, 75, 102
astrofrog0100.png, 1046, 348, 114, 102, 91, 76, 75, 102
astrofrog0101.png, 1046, 348, 114, 102, 91, 76, 75, 102
astrofrog0102.png, 1046, 348, 114, 102, 91, 76, 75, 102
astrofrog0103.png, 1046, 348, 114, 102, 91, 76, 75, 102
astrofrog0104.png, 1162, 348, 114, 102, 91, 76, 75, 102
astrofrog0105.png, 1162, 348, 114, 102, 91, 76, 75, 102
astrofrog0106.png, 1162, 348, 114, 102, 91, 76, 75, 102
astrofrog0107.png, 1162, 348, 114, 102, 91, 76, 75, 102
astrofrog0108.png, 1278, 348, 114, 102, 91, 76, 75, 102
astrofrog0109.png, 1278, 348, 114, 102, 91, 76, 75, 102
astrofrog0110.png, 1278, 348, 114, 102, 91, 76, 75, 102
astrofrog0111.png, 1278, 348, 114, 102, 91, 76, 75, 102
astrofrog0112.png, 1394, 348, 114, 102, 91, 76, 75, 102
astrofrog0113.png, 1510, 348, 114, 102, 91, 76, 75, 102
astrofrog0114.png, 1394, 348, 114, 102, 91, 76, 75, 102
astrofrog0115.png, 1394, 348, 114, 102, 91, 76, 75, 102
astrofrog0116.png, 1394, 348, 114, 102, 91, 76, 75, 102
astrofrog0117.png, 1626, 348, 114, 102, 91, 76, 75, 102
astrofrog0118.png, 1626, 348, 114, 102, 91, 76, 75, 102
astrofrog0119.png, 1742, 348, 114, 102, 91, 76, 75, 102
astrofrog0120.png, 1742, 348, 114, 102, 91, 76, 75, 102
astrofrog0121.png, 1858, 348, 114, 102, 91, 76, 75, 102
astrofrog0122.png, 1858, 348, 114, 102, 91, 76, 75, 102
astrofrog0123.png, 2, 452, 114, 102, 91, 76, 75, 102
astrofrog0124.png, 118, 452, 114, 100, 94, 78, 72, 102
astrofrog0125.png, 234, 452, 114, 98, 97, 80, 69, 102
astrofrog0126.png, 350, 452, 114, 94, 100, 84, 66, 102
astrofrog0127.png, 348, 230, 112, 78, 104, 100, 64, 102
astrofrog0128.png, 466, 452, 114, 84, 102, 94, 64, 102
astrofrog0129.png, 582, 452, 114, 90, 102, 88, 64, 102
astrofrog0130.png, 698, 452, 114, 96, 102, 82, 64, 102
astrofrog0131.png, 814, 452, 114, 116, 100, 62, 66, 102
astrofrog0132.png, 930, 452, 114, 114, 100, 64, 66, 102
astrofrog0133.png, 1046, 452, 114, 112, 100, 66, 66, 102
astrofrog0134.png, 1162, 452, 112, 110, 102, 68, 66, 102
astrofrog0135.png, 1276, 452, 112, 108, 102, 70, 66, 102
astrofrog0136.png, 1390, 452, 112, 106, 102, 72, 66, 102
astrofrog0137.png, 1504, 452, 112, 104, 102, 74, 66, 102
astrofrog0138.png, 2, 2, 112, 102, 102, 76, 66, 102
astrofrog0139.png, 2, 2, 112, 102, 102, 76, 66, 102
astrofrog0140.png, 2, 2, 112, 102, 102, 76, 66, 102
astrofrog0141.png, 2, 2, 112, 102, 102, 76, 66, 102
astrofrog0142.png, 2, 2, 112, 102, 102, 76, 66, 102
astrofrog0143.png, 2, 2, 112, 102, 102, 76, 66, 102
astrofrog0144.png, 2, 2, 112, 102, 102, 76, 66, 102
astrofrog0145.png, 2, 2, 112, 102, 102, 76, 66, 102
astrofrog0146.png, 2, 2, 112, 102, 102, 76, 66, 102
astrofrog0147.png, 2, 2, 112, 102, 102, 76, 66, 102
astrofrog0148.png, 2, 2, 112, 102, 102, 76, 66, 102
astrofrog0149.png, 2, 2, 112, 102, 102, 76, 66, 102
astrofrog0150.png, 2, 2, 112, 102, 102, 76, 66, 102
astrofrog0151.png, 2, 2, 112, 102, 102, 76, 66, 102
astrofrog0152.png, 2, 2, 112, 102, 102, 76, 66, 102
astrofrog0153.png, 2, 2, 112, 102, 102, 76, 66, 102
astrofrog0154.png, 2, 2, 112, 102, 102, 76, 66, 102
astrofrog0155.png, 2, 2, 112, 102, 102, 76, 66, 102
astrofrog0156.png, 2, 2, 112, 102, 102, 76, 66, 102
astrofrog0157.png, 2, 2, 112, 102, 102, 76, 66, 102
astrofrog0158.png, 2, 2, 112, 102, 102, 76, 66, 102
astrofrog0159.png, 2, 2, 112, 102, 102, 76, 66, 102
astrofrog0160.png, 2, 2, 112, 102, 102, 76, 66, 102
astrofrog0161.png, 2, 2, 112, 102, 102, 76, 66, 102
astrofrog0162.png, 1618, 452, 112, 102, 102, 76, 66, 102
astrofrog0163.png, 1732, 452, 114, 100, 101, 78, 65, 102
astrofrog0164.png, 1848, 452, 112, 100, 103, 78, 65, 102
astrofrog0165.png, 2, 570, 114, 98, 102, 80, 64, 102
astrofrog0166.png, 118, 570, 114, 96, 102, 82, 64, 102
astrofrog0167.png, 234, 570, 114, 94, 102, 84, 64, 102
astrofrog0168.png, 350, 570, 114, 98, 102, 80, 64, 102
astrofrog0169.png, 466, 570, 114, 104, 101, 74, 65, 102
astrofrog0170.png, 582, 570, 112, 108, 102, 70, 66, 102
astrofrog0171.png, 696, 570, 112, 112, 101, 66, 67, 102
astrofrog0172.png, 810, 570, 112, 108, 102, 70, 66, 102
astrofrog0173.png, 924, 570, 114, 104, 101, 74, 65, 102
astrofrog0174.png, 1040, 570, 114, 100, 102, 78, 64, 102
astrofrog0175.png, 234, 570, 114, 94, 102, 84, 64, 102
astrofrog0176.png, 1156, 570, 114, 96, 102, 82, 64, 102
astrofrog0177.png, 1272, 570, 114, 96, 102, 82, 64, 102
astrofrog0178.png, 1388, 570, 114, 98, 102, 80, 64, 102
astrofrog0179.png, 1504, 570, 112, 100, 103, 78, 65, 102
astrofrog0180.png, 1618, 570, 114, 100, 101, 78, 65, 102
astrofrog0181.png, 1734, 570, 114, 102, 101, 76, 65, 102
astrofrog0182.png, 1618, 452, 112, 102, 102, 76, 66, 102
astrofrog0183.png, 1618, 452, 112, 102, 102, 76, 66, 102
astrofrog0184.png, 1618, 452, 112, 102, 102, 76, 66, 102
astrofrog0185.png, 1618, 452, 112, 102, 102, 76, 66, 102
astrofrog0186.png, 1618, 452, 112, 102, 102, 76, 66, 102
astrofrog0187.png, 1618, 452, 112, 102, 102, 76, 66, 102
astrofrog0188.png, 1618, 452, 112, 102, 102, 76, 66, 102
astrofrog0189.png, 1618, 452, 112, 102, 102, 76, 66, 102
astrofrog0190.png, 1618, 452, 112, 102, 102, 76, 66, 102
astrofrog0191.png, 1618, 452, 112, 102, 102, 76, 66, 102
astrofrog0192.png, 1618, 452, 112, 102, 102, 76, 66, 102
astrofrog0193.png, 1618, 452, 112, 102, 102, 76, 66, 102
astrofrog0194.png, 1618, 452, 112, 102, 102, 76, 66, 102
astrofrog0195.png, 1618, 452, 112, 102, 102, 76, 66, 102
astrofrog0196.png, 1618, 452, 112, 102, 102, 76, 66, 102
astrofrog0197.png, 1618, 452, 112, 102, 102, 76, 66, 102
astrofrog0198.png, 1618, 452, 112, 102, 102, 76, 66, 102
astrofrog0199.png, 1618, 452, 112, 102, 102, 76, 66, 102
astrofrog0200.png, 1618, 452, 112, 102, 102, 76, 66, 102
astrofrog0201.png, 1618, 452, 112, 102, 102, 76, 66, 102
astrofrog0202.png, 1732, 452, 114, 100, 101, 78, 65, 102
astrofrog0203.png, 1848, 452, 112, 100, 103, 78, 65, 102
astrofrog0204.png, 2, 570, 114, 98, 102, 80, 64, 102
astrofrog0205.png, 118, 570, 114, 96, 102, 82, 64, 102
astrofrog0206.png, 234, 570, 114, 94, 102, 84, 64, 102
astrofrog0207.png, 350, 570, 114, 98, 102, 80, 64, 102
astrofrog0208.png, 466, 570, 114, 104, 101, 74, 65, 102
astrofrog0209.png, 582, 570, 112, 108, 102, 70, 66, 102
astrofrog0210.png, 696, 570, 112, 112, 101, 66, 67, 102
astrofrog0211.png, 810, 570, 112, 108, 102, 70, 66, 102
astrofrog0212.png, 924, 570, 114, 104, 101, 74, 65, 102
astrofrog0213.png, 1040, 570, 114, 100, 102, 78, 64, 102
astrofrog0214.png, 234, 570, 114, 94, 102, 84, 64, 102
astrofrog0215.png, 1156, 570, 114, 96, 102, 82, 64, 102
astrofrog0216.png, 1272, 570, 114, 96, 102, 82, 64, 102
astrofrog0217.png, 1388, 570, 114, 98, 102, 80, 64, 102
astrofrog0218.png, 1504, 570, 112, 100, 103, 78, 65, 102
astrofrog0219.png, 1618, 570, 114, 100, 101, 78, 65, 102
astrofrog0220.png, 1734, 570, 114, 102, 101, 76, 65, 102
astrofrog0221.png, 1618, 452, 112, 102, 102, 76, 66, 102
astrofrog0222.png, 1618, 452, 112, 102, 102, 76, 66, 102
astrofrog0223.png, 1618, 452, 112, 102, 102, 76, 66, 102
astrofrog0224.png, 1618, 452, 112, 102, 102, 76, 66, 102
astrofrog0225.png, 1618, 452, 112, 102, 102, 76, 66, 102
astrofrog0226.png, 1618, 452, 112, 102, 102, 76, 66, 102
astrofrog0227.png, 1618, 452, 112, 102, 102, 76, 66, 102
astrofrog0228.png, 1618, 452, 112, 102, 102, 76, 66, 102
astrofrog0229.png, 1618, 452, 112, 102, 102, 76, 66, 102
astrofrog0230.png, 1618, 452, 112, 102, 102, 76, 66, 102
astrofrog0231.png, 1618, 452, 112, 102, 102, 76, 66, 102
astrofrog0232.png, 1618, 452, 112, 102, 102, 76, 66, 102
astrofrog0233.png, 1618, 452, 112, 102, 102, 76, 66, 102
astrofrog0234.png, 1618, 452, 112, 102, 102, 76, 66, 102
astrofrog0235.png, 1618, 452, 112, 102, 102, 76, 66, 102
astrofrog0236.png, 1618, 452, 112, 102, 102, 76, 66, 102
astrofrog0237.png, 1618, 452, 112, 102, 102, 76, 66, 102
astrofrog0238.png, 1618, 452, 112, 102, 102, 76, 66, 102
astrofrog0239.png, 1618, 452, 112, 102, 102, 76, 66, 102
astrofrog0240.png, 1618, 452, 112, 102, 102, 76, 66, 102
astrofrog0241.png, 1618, 452, 112, 102, 102, 76, 66, 102
astrofrog0242.png, 1618, 452, 112, 102, 102, 76, 66, 102
astrofrog0243.png, 1618, 452, 112, 102, 102, 76, 66, 102
