color-blue0001.png, 338, 258, 110, 124, 13, 10, 17, 6
color-blue0002.png, 226, 134, 110, 124, 13, 10, 17, 6
color-blue0003.png, 2, 386, 110, 122, 13, 12, 17, 6
color-blue0004.png, 114, 508, 110, 120, 13, 14, 17, 6
color-blue0005.png, 226, 506, 110, 120, 13, 14, 17, 6
color-blue0006.png, 338, 506, 110, 118, 13, 16, 17, 6
color-blue0007.png, 114, 384, 110, 122, 13, 12, 17, 6
color-blue0008.png, 338, 130, 110, 126, 13, 8, 17, 6
color-blue0009.png, 226, 2, 110, 130, 13, 4, 17, 6
color-blue0010.png, 2, 2, 110, 132, 13, 2, 17, 6
color-blue0011.png, 114, 2, 110, 130, 13, 4, 17, 6
color-blue0012.png, 338, 2, 110, 126, 13, 8, 17, 6
color-blue0013.png, 226, 260, 110, 122, 13, 12, 17, 6
color-blue0014.png, 2, 510, 110, 118, 13, 16, 17, 6
color-blue0015.png, 338, 384, 110, 120, 13, 14, 17, 6
color-blue0016.png, 226, 384, 110, 120, 13, 14, 17, 6
color-blue0017.png, 2, 262, 110, 122, 13, 12, 17, 6
color-blue0018.png, 114, 260, 110, 122, 13, 12, 17, 6
color-blue0019.png, 2, 136, 110, 124, 13, 10, 17, 6
color-blue0020.png, 114, 134, 110, 124, 13, 10, 17, 6
color-blue0021.png, 338, 258, 110, 124, 13, 10, 17, 6
color-blue0022.png, 338, 258, 110, 124, 13, 10, 17, 6
color-blue0023.png, 338, 258, 110, 124, 13, 10, 17, 6
color-blue0024.png, 338, 258, 110, 124, 13, 10, 17, 6
color-blue0025.png, 338, 258, 110, 124, 13, 10, 17, 6
