color-green0001.png, 2, 2, 110, 124, 13, 10, 17, 6
color-green0002.png, 114, 2, 110, 124, 13, 10, 17, 6
color-green0003.png, 226, 2, 110, 122, 13, 12, 17, 6
color-green0004.png, 338, 2, 110, 120, 13, 14, 17, 6
color-green0005.png, 2, 128, 110, 120, 13, 14, 17, 6
color-green0006.png, 114, 128, 110, 118, 13, 16, 17, 6
color-green0007.png, 226, 128, 110, 122, 13, 12, 17, 6
color-green0008.png, 338, 128, 110, 126, 13, 8, 17, 6
color-green0009.png, 2, 256, 110, 130, 13, 4, 17, 6
color-green0010.png, 114, 256, 110, 132, 13, 2, 17, 6
color-green0011.png, 226, 256, 110, 130, 13, 4, 17, 6
color-green0012.png, 338, 256, 110, 126, 13, 8, 17, 6
color-green0013.png, 2, 390, 110, 122, 13, 12, 17, 6
color-green0014.png, 114, 390, 110, 118, 13, 16, 17, 6
color-green0015.png, 226, 390, 110, 120, 13, 14, 17, 6
color-green0016.png, 338, 390, 110, 120, 13, 14, 17, 6
color-green0017.png, 2, 514, 110, 122, 13, 12, 17, 6
color-green0018.png, 114, 514, 110, 122, 13, 12, 17, 6
color-green0019.png, 226, 514, 110, 124, 13, 10, 17, 6
color-green0020.png, 338, 514, 110, 124, 13, 10, 17, 6
color-green0021.png, 2, 2, 110, 124, 13, 10, 17, 6
color-green0022.png, 2, 2, 110, 124, 13, 10, 17, 6
color-green0023.png, 2, 2, 110, 124, 13, 10, 17, 6
color-green0024.png, 2, 2, 110, 124, 13, 10, 17, 6
color-green0025.png, 2, 2, 110, 124, 13, 10, 17, 6
