flying-eyes0001.png, 282, 402, 138, 78, 209, 192, 213, 290
flying-eyes0002.png, 282, 322, 138, 78, 209, 192, 213, 290
flying-eyes0003.png, 142, 402, 138, 78, 209, 192, 213, 290
flying-eyes0004.png, 142, 322, 138, 78, 209, 192, 213, 290
flying-eyes0005.png, 142, 322, 138, 78, 209, 192, 213, 290
flying-eyes0006.png, 142, 402, 138, 78, 209, 192, 213, 290
flying-eyes0007.png, 282, 322, 138, 78, 209, 192, 213, 290
flying-eyes0008.png, 282, 402, 138, 78, 209, 192, 213, 290
flying-eyes0009.png, 282, 402, 138, 78, 209, 192, 213, 290
flying-eyes0010.png, 282, 322, 138, 78, 209, 192, 213, 290
flying-eyes0011.png, 142, 402, 138, 78, 209, 192, 213, 290
flying-eyes0012.png, 142, 322, 138, 78, 209, 192, 213, 290
flying-eyes0013.png, 142, 322, 138, 78, 209, 192, 213, 290
flying-eyes0014.png, 142, 402, 138, 78, 209, 192, 213, 290
flying-eyes0015.png, 142, 402, 138, 78, 209, 192, 213, 290
flying-eyes0016.png, 142, 402, 138, 78, 209, 192, 213, 290
flying-eyes0017.png, 142, 402, 138, 78, 209, 192, 213, 290
flying-eyes0018.png, 142, 402, 138, 78, 209, 192, 213, 290
flying-eyes0019.png, 142, 402, 138, 78, 209, 192, 213, 290
flying-eyes0020.png, 142, 402, 138, 78, 209, 192, 213, 290
flying-eyes0021.png, 142, 402, 138, 78, 209, 192, 213, 290
flying-eyes0022.png, 142, 402, 138, 78, 209, 192, 213, 290
flying-eyes0023.png, 142, 402, 138, 78, 209, 192, 213, 290
flying-eyes0024.png, 142, 402, 138, 78, 209, 192, 213, 290
flying-eyes0025.png, 142, 402, 138, 78, 209, 192, 213, 290
flying-eyes0026.png, 142, 402, 138, 78, 209, 192, 213, 290
flying-eyes0027.png, 142, 402, 138, 78, 209, 192, 213, 290
flying-eyes0028.png, 142, 402, 138, 78, 209, 192, 213, 290
flying-eyes0029.png, 142, 402, 138, 78, 209, 192, 213, 290
flying-eyes0030.png, 142, 402, 138, 78, 209, 192, 213, 290
flying-eyes0031.png, 142, 402, 138, 78, 209, 192, 213, 290
flying-eyes0032.png, 142, 402, 138, 78, 209, 192, 213, 290
flying-eyes0033.png, 142, 402, 138, 78, 209, 192, 213, 290
flying-eyes0034.png, 142, 402, 138, 78, 209, 192, 213, 290
flying-eyes0035.png, 142, 402, 138, 78, 209, 192, 213, 290
flying-eyes0036.png, 142, 402, 138, 78, 209, 192, 213, 290
flying-eyes0037.png, 142, 402, 138, 78, 209, 192, 213, 290
flying-eyes0038.png, 142, 402, 138, 78, 209, 192, 213, 290
flying-eyes0039.png, 142, 402, 138, 78, 209, 192, 213, 290
flying-eyes0040.png, 142, 402, 138, 78, 209, 192, 213, 290
flying-eyes0041.png, 142, 402, 138, 78, 209, 192, 213, 290
flying-eyes0042.png, 142, 402, 138, 78, 209, 192, 213, 290
flying-eyes0043.png, 142, 402, 138, 78, 209, 192, 213, 290
flying-eyes0044.png, 142, 402, 138, 78, 209, 192, 213, 290
flying-eyes0045.png, 142, 402, 138, 78, 209, 192, 213, 290
flying-eyes0046.png, 142, 402, 138, 78, 209, 192, 213, 290
flying-eyes0047.png, 142, 402, 138, 78, 209, 192, 213, 290
flying-eyes0048.png, 142, 402, 138, 78, 209, 192, 213, 290
flying-eyes0049.png, 142, 402, 138, 78, 209, 192, 213, 290
flying-eyes0050.png, 142, 402, 138, 78, 209, 192, 213, 290
flying-eyes0051.png, 142, 402, 138, 78, 209, 192, 213, 290
flying-eyes0052.png, 142, 402, 138, 78, 209, 192, 213, 290
flying-eyes0053.png, 142, 402, 138, 78, 209, 192, 213, 290
flying-eyes0054.png, 142, 402, 138, 78, 209, 192, 213, 290
flying-eyes0055.png, 142, 402, 138, 78, 209, 192, 213, 290
flying-eyes0056.png, 142, 402, 138, 78, 209, 192, 213, 290
flying-eyes0057.png, 142, 402, 138, 78, 209, 192, 213, 290
flying-eyes0058.png, 142, 402, 138, 78, 209, 192, 213, 290
flying-eyes0059.png, 142, 402, 138, 78, 209, 192, 213, 290
flying-eyes0060.png, 142, 402, 138, 78, 209, 192, 213, 290
flying-eyes0061.png, 142, 402, 138, 78, 209, 192, 213, 290
flying-eyes0062.png, 142, 402, 138, 78, 209, 192, 213, 290
flying-eyes0063.png, 142, 402, 138, 78, 209, 192, 213, 290
flying-eyes0064.png, 142, 402, 138, 78, 209, 192, 213, 290
flying-eyes0065.png, 142, 402, 138, 78, 209, 192, 213, 290
flying-eyes0066.png, 142, 402, 138, 78, 209, 192, 213, 290
flying-eyes0067.png, 142, 402, 138, 78, 209, 192, 213, 290
flying-eyes0068.png, 142, 402, 138, 78, 209, 192, 213, 290
flying-eyes0069.png, 142, 402, 138, 78, 209, 192, 213, 290
flying-eyes0070.png, 142, 402, 138, 78, 209, 192, 213, 290
flying-eyes0071.png, 142, 402, 138, 78, 209, 192, 213, 290
flying-eyes0072.png, 142, 402, 138, 78, 209, 192, 213, 290
flying-eyes0073.png, 142, 402, 138, 78, 209, 192, 213, 290
flying-eyes0074.png, 142, 402, 138, 78, 209, 192, 213, 290
flying-eyes0075.png, 142, 402, 138, 78, 209, 192, 213, 290
flying-eyes0076.png, 142, 402, 138, 78, 209, 192, 213, 290
flying-eyes0077.png, 142, 402, 138, 78, 209, 192, 213, 290
flying-eyes0078.png, 142, 402, 138, 78, 209, 192, 213, 290
flying-eyes0079.png, 142, 402, 138, 78, 209, 192, 213, 290
flying-eyes0080.png, 142, 402, 138, 78, 209, 192, 213, 290
flying-eyes0081.png, 142, 402, 138, 78, 209, 192, 213, 290
flying-eyes0082.png, 142, 402, 138, 78, 209, 192, 213, 290
flying-eyes0083.png, 142, 402, 138, 78, 209, 192, 213, 290
flying-eyes0084.png, 142, 402, 138, 78, 209, 192, 213, 290
flying-eyes0085.png, 142, 402, 138, 78, 209, 192, 213, 290
flying-eyes0086.png, 142, 402, 138, 78, 209, 192, 213, 290
flying-eyes0087.png, 142, 402, 138, 78, 209, 192, 213, 290
flying-eyes0088.png, 142, 402, 138, 78, 209, 192, 213, 290
flying-eyes0089.png, 142, 402, 138, 78, 209, 192, 213, 290
flying-eyes0090.png, 142, 402, 138, 78, 209, 192, 213, 290
flying-eyes0091.png, 142, 402, 138, 78, 209, 192, 213, 290
flying-eyes0092.png, 142, 402, 138, 78, 209, 192, 213, 290
flying-eyes0093.png, 142, 402, 138, 78, 209, 192, 213, 290
flying-eyes0094.png, 142, 402, 138, 78, 209, 192, 213, 290
flying-eyes0095.png, 142, 402, 138, 78, 209, 192, 213, 290
flying-eyes0096.png, 142, 402, 138, 78, 209, 192, 213, 290
flying-eyes0097.png, 142, 402, 138, 78, 209, 192, 213, 290
flying-eyes0098.png, 142, 402, 138, 78, 209, 192, 213, 290
flying-eyes0099.png, 142, 402, 138, 78, 209, 192, 213, 290
flying-eyes0100.png, 142, 402, 138, 78, 209, 192, 213, 290
flying-eyes0101.png, 142, 402, 138, 78, 209, 192, 213, 290
flying-eyes0102.png, 142, 402, 138, 78, 209, 192, 213, 290
flying-eyes0103.png, 142, 402, 138, 78, 209, 192, 213, 290
flying-eyes0104.png, 142, 402, 138, 78, 209, 192, 213, 290
flying-eyes0105.png, 142, 402, 138, 78, 209, 192, 213, 290
flying-eyes0106.png, 142, 402, 138, 78, 209, 192, 213, 290
flying-eyes0107.png, 142, 402, 138, 78, 209, 192, 213, 290
flying-eyes0108.png, 142, 402, 138, 78, 209, 192, 213, 290
flying-eyes0109.png, 142, 402, 138, 78, 209, 192, 213, 290
flying-eyes0110.png, 142, 402, 138, 78, 209, 192, 213, 290
flying-eyes0111.png, 142, 402, 138, 78, 209, 192, 213, 290
flying-eyes0112.png, 142, 402, 138, 78, 209, 192, 213, 290
flying-eyes0113.png, 142, 402, 138, 78, 209, 192, 213, 290
flying-eyes0114.png, 142, 402, 138, 78, 209, 192, 213, 290
flying-eyes0115.png, 142, 402, 138, 78, 209, 192, 213, 290
flying-eyes0116.png, 142, 402, 138, 78, 209, 192, 213, 290
flying-eyes0117.png, 142, 402, 138, 78, 209, 192, 213, 290
flying-eyes0118.png, 142, 402, 138, 78, 209, 192, 213, 290
flying-eyes0119.png, 142, 402, 138, 78, 209, 192, 213, 290
flying-eyes0120.png, 142, 402, 138, 78, 209, 192, 213, 290
flying-eyes0121.png, 142, 402, 138, 78, 209, 192, 213, 290
flying-eyes0122.png, 142, 402, 138, 78, 209, 192, 213, 290
flying-eyes0123.png, 282, 242, 138, 78, 209, 192, 213, 290
flying-eyes0124.png, 142, 322, 138, 78, 209, 192, 213, 290
flying-eyes0125.png, 142, 322, 138, 78, 209, 192, 213, 290
flying-eyes0126.png, 142, 242, 138, 78, 209, 192, 213, 290
flying-eyes0127.png, 282, 162, 138, 78, 209, 192, 213, 290
flying-eyes0128.png, 142, 162, 138, 78, 209, 192, 213, 290
flying-eyes0129.png, 142, 162, 138, 78, 209, 192, 213, 290
flying-eyes0130.png, 142, 162, 138, 78, 209, 192, 213, 290
flying-eyes0131.png, 142, 162, 138, 78, 209, 192, 213, 290
flying-eyes0132.png, 142, 162, 138, 78, 209, 192, 213, 290
flying-eyes0133.png, 142, 162, 138, 78, 209, 192, 213, 290
flying-eyes0134.png, 142, 162, 138, 78, 209, 192, 213, 290
flying-eyes0135.png, 142, 162, 138, 78, 209, 192, 213, 290
flying-eyes0136.png, 142, 162, 138, 78, 209, 192, 213, 290
flying-eyes0137.png, 142, 162, 138, 78, 209, 192, 213, 290
flying-eyes0138.png, 142, 162, 138, 78, 209, 192, 213, 290
flying-eyes0139.png, 142, 162, 138, 78, 209, 192, 213, 290
flying-eyes0140.png, 142, 162, 138, 78, 209, 192, 213, 290
flying-eyes0141.png, 142, 162, 138, 78, 209, 192, 213, 290
flying-eyes0142.png, 142, 162, 138, 78, 209, 192, 213, 290
flying-eyes0143.png, 142, 162, 138, 78, 209, 192, 213, 290
flying-eyes0144.png, 142, 162, 138, 78, 209, 192, 213, 290
flying-eyes0145.png, 142, 162, 138, 78, 209, 192, 213, 290
flying-eyes0146.png, 142, 162, 138, 78, 209, 192, 213, 290
flying-eyes0147.png, 142, 162, 138, 78, 209, 192, 213, 290
flying-eyes0148.png, 142, 162, 138, 78, 209, 192, 213, 290
flying-eyes0149.png, 142, 162, 138, 78, 209, 192, 213, 290
flying-eyes0150.png, 142, 162, 138, 78, 209, 192, 213, 290
flying-eyes0151.png, 142, 162, 138, 78, 209, 192, 213, 290
flying-eyes0152.png, 142, 162, 138, 78, 209, 192, 213, 290
flying-eyes0153.png, 142, 162, 138, 78, 209, 192, 213, 290
flying-eyes0154.png, 142, 162, 138, 78, 209, 192, 213, 290
flying-eyes0155.png, 142, 162, 138, 78, 209, 192, 213, 290
flying-eyes0156.png, 142, 162, 138, 78, 209, 192, 213, 290
flying-eyes0157.png, 142, 162, 138, 78, 209, 192, 213, 290
flying-eyes0158.png, 142, 162, 138, 78, 209, 192, 213, 290
flying-eyes0159.png, 142, 162, 138, 78, 209, 192, 213, 290
flying-eyes0160.png, 142, 162, 138, 78, 209, 192, 213, 290
flying-eyes0161.png, 142, 162, 138, 78, 209, 192, 213, 290
flying-eyes0162.png, 142, 162, 138, 78, 209, 192, 213, 290
flying-eyes0163.png, 142, 162, 138, 78, 209, 192, 213, 290
flying-eyes0164.png, 142, 162, 138, 78, 209, 192, 213, 290
flying-eyes0165.png, 142, 162, 138, 78, 209, 192, 213, 290
flying-eyes0166.png, 142, 162, 138, 78, 209, 192, 213, 290
flying-eyes0167.png, 142, 162, 138, 78, 209, 192, 213, 290
flying-eyes0168.png, 142, 162, 138, 78, 209, 192, 213, 290
flying-eyes0169.png, 142, 162, 138, 78, 209, 192, 213, 290
flying-eyes0170.png, 142, 162, 138, 78, 209, 192, 213, 290
flying-eyes0171.png, 142, 162, 138, 78, 209, 192, 213, 290
flying-eyes0172.png, 142, 162, 138, 78, 209, 192, 213, 290
flying-eyes0173.png, 142, 162, 138, 78, 209, 192, 213, 290
flying-eyes0174.png, 142, 162, 138, 78, 209, 192, 213, 290
flying-eyes0175.png, 142, 162, 138, 78, 209, 192, 213, 290
flying-eyes0176.png, 142, 162, 138, 78, 209, 192, 213, 290
flying-eyes0177.png, 142, 162, 138, 78, 209, 192, 213, 290
flying-eyes0178.png, 142, 162, 138, 78, 209, 192, 213, 290
flying-eyes0179.png, 142, 162, 138, 78, 209, 192, 213, 290
flying-eyes0180.png, 142, 162, 138, 78, 209, 192, 213, 290
flying-eyes0181.png, 142, 162, 138, 78, 209, 192, 213, 290
flying-eyes0182.png, 142, 162, 138, 78, 209, 192, 213, 290
flying-eyes0183.png, 142, 162, 138, 78, 209, 192, 213, 290
flying-eyes0184.png, 142, 162, 138, 78, 209, 192, 213, 290
flying-eyes0185.png, 142, 162, 138, 78, 209, 192, 213, 290
flying-eyes0186.png, 142, 162, 138, 78, 209, 192, 213, 290
flying-eyes0187.png, 142, 162, 138, 78, 209, 192, 213, 290
flying-eyes0188.png, 142, 162, 138, 78, 209, 192, 213, 290
flying-eyes0189.png, 142, 162, 138, 78, 209, 192, 213, 290
flying-eyes0190.png, 142, 162, 138, 78, 209, 192, 213, 290
flying-eyes0191.png, 142, 162, 138, 78, 209, 192, 213, 290
flying-eyes0192.png, 142, 162, 138, 78, 209, 192, 213, 290
flying-eyes0193.png, 142, 162, 138, 78, 209, 192, 213, 290
flying-eyes0194.png, 142, 162, 138, 78, 209, 192, 213, 290
flying-eyes0195.png, 142, 162, 138, 78, 209, 192, 213, 290
flying-eyes0196.png, 142, 162, 138, 78, 209, 192, 213, 290
flying-eyes0197.png, 2, 402, 138, 78, 209, 192, 213, 290
flying-eyes0198.png, 2, 322, 138, 78, 209, 192, 213, 290
flying-eyes0199.png, 2, 242, 138, 78, 209, 192, 213, 290
flying-eyes0200.png, 2, 162, 138, 78, 209, 192, 213, 290
flying-eyes0201.png, 2, 162, 138, 78, 209, 192, 213, 290
flying-eyes0202.png, 2, 162, 138, 78, 209, 192, 213, 290
flying-eyes0203.png, 2, 162, 138, 78, 209, 192, 213, 290
flying-eyes0204.png, 2, 162, 138, 78, 209, 192, 213, 290
flying-eyes0205.png, 2, 162, 138, 78, 209, 192, 213, 290
flying-eyes0206.png, 2, 162, 138, 78, 209, 192, 213, 290
flying-eyes0207.png, 2, 162, 138, 78, 209, 192, 213, 290
flying-eyes0208.png, 2, 162, 138, 78, 209, 192, 213, 290
flying-eyes0209.png, 2, 162, 138, 78, 209, 192, 213, 290
flying-eyes0210.png, 2, 162, 138, 78, 209, 192, 213, 290
flying-eyes0211.png, 2, 162, 138, 78, 209, 192, 213, 290
flying-eyes0212.png, 2, 162, 138, 78, 209, 192, 213, 290
flying-eyes0213.png, 2, 162, 138, 78, 209, 192, 213, 290
flying-eyes0214.png, 2, 162, 138, 78, 209, 192, 213, 290
flying-eyes0215.png, 2, 162, 138, 78, 209, 192, 213, 290
flying-eyes0216.png, 2, 162, 138, 78, 209, 192, 213, 290
flying-eyes0217.png, 2, 162, 138, 78, 209, 192, 213, 290
flying-eyes0218.png, 2, 162, 138, 78, 209, 192, 213, 290
flying-eyes0219.png, 2, 162, 138, 78, 209, 192, 213, 290
flying-eyes0220.png, 2, 162, 138, 78, 209, 192, 213, 290
flying-eyes0221.png, 2, 162, 138, 78, 209, 192, 213, 290
flying-eyes0222.png, 2, 162, 138, 78, 209, 192, 213, 290
flying-eyes0223.png, 2, 162, 138, 78, 209, 192, 213, 290
flying-eyes0224.png, 2, 162, 138, 78, 209, 192, 213, 290
flying-eyes0225.png, 2, 162, 138, 78, 209, 192, 213, 290
flying-eyes0226.png, 2, 162, 138, 78, 209, 192, 213, 290
flying-eyes0227.png, 2, 162, 138, 78, 209, 192, 213, 290
flying-eyes0228.png, 2, 162, 138, 78, 209, 192, 213, 290
flying-eyes0229.png, 2, 162, 138, 78, 209, 192, 213, 290
flying-eyes0230.png, 2, 162, 138, 78, 209, 192, 213, 290
flying-eyes0231.png, 2, 162, 138, 78, 209, 192, 213, 290
flying-eyes0232.png, 2, 162, 138, 78, 209, 192, 213, 290
flying-eyes0233.png, 2, 162, 138, 78, 209, 192, 213, 290
flying-eyes0234.png, 2, 162, 138, 78, 209, 192, 213, 290
flying-eyes0235.png, 2, 162, 138, 78, 209, 192, 213, 290
flying-eyes0236.png, 2, 162, 138, 78, 209, 192, 213, 290
flying-eyes0237.png, 282, 82, 138, 78, 209, 192, 213, 290
flying-eyes0238.png, 142, 322, 138, 78, 209, 192, 213, 290
flying-eyes0239.png, 142, 322, 138, 78, 209, 192, 213, 290
flying-eyes0240.png, 142, 82, 138, 78, 209, 192, 213, 290
flying-eyes0241.png, 2, 82, 138, 78, 209, 192, 213, 290
flying-eyes0242.png, 282, 2, 138, 78, 209, 192, 213, 290
flying-eyes0243.png, 142, 2, 138, 78, 209, 192, 213, 290
flying-eyes0244.png, 2, 2, 138, 78, 209, 192, 213, 290
flying-eyes0245.png, 2, 2, 138, 78, 209, 192, 213, 290
flying-eyes0246.png, 2, 2, 138, 78, 209, 192, 213, 290
flying-eyes0247.png, 2, 2, 138, 78, 209, 192, 213, 290
flying-eyes0248.png, 2, 2, 138, 78, 209, 192, 213, 290
flying-eyes0249.png, 2, 2, 138, 78, 209, 192, 213, 290
flying-eyes0250.png, 2, 2, 138, 78, 209, 192, 213, 290
