rank-eye0001.png, 2, 2, 114, 85, 89, 7, 91, 185
rank-eye0002.png, 118, 2, 114, 85, 89, 7, 91, 185
rank-eye0003.png, 234, 2, 114, 85, 89, 7, 91, 185
rank-eye0004.png, 350, 2, 114, 85, 89, 7, 91, 185
rank-eye0005.png, 466, 2, 114, 85, 89, 7, 91, 185
rank-eye0006.png, 118, 2, 114, 85, 89, 7, 91, 185
rank-eye0007.png, 2, 2, 114, 85, 89, 7, 91, 185
rank-eye0008.png, 2, 2, 114, 85, 89, 7, 91, 185
rank-eye0009.png, 2, 2, 114, 85, 89, 7, 91, 185
rank-eye0010.png, 2, 2, 114, 85, 89, 7, 91, 185
rank-eye0011.png, 2, 2, 114, 85, 89, 7, 91, 185
rank-eye0012.png, 2, 2, 114, 85, 89, 7, 91, 185
rank-eye0013.png, 2, 2, 114, 85, 89, 7, 91, 185
rank-eye0014.png, 2, 2, 114, 85, 89, 7, 91, 185
rank-eye0015.png, 2, 2, 114, 85, 89, 7, 91, 185
rank-eye0016.png, 2, 2, 114, 85, 89, 7, 91, 185
rank-eye0017.png, 2, 2, 114, 85, 89, 7, 91, 185
rank-eye0018.png, 2, 2, 114, 85, 89, 7, 91, 185
rank-eye0019.png, 2, 2, 114, 85, 89, 7, 91, 185
rank-eye0020.png, 2, 2, 114, 85, 89, 7, 91, 185
rank-eye0021.png, 2, 2, 114, 85, 89, 7, 91, 185
rank-eye0022.png, 2, 2, 114, 85, 89, 7, 91, 185
rank-eye0023.png, 2, 2, 114, 85, 89, 7, 91, 185
rank-eye0024.png, 2, 2, 114, 85, 89, 7, 91, 185
rank-eye0025.png, 2, 2, 114, 85, 89, 7, 91, 185
rank-eye0026.png, 2, 2, 114, 85, 89, 7, 91, 185
rank-eye0027.png, 2, 2, 114, 85, 89, 7, 91, 185
rank-eye0028.png, 2, 2, 114, 85, 89, 7, 91, 185
rank-eye0029.png, 2, 2, 114, 85, 89, 7, 91, 185
rank-eye0030.png, 2, 2, 114, 85, 89, 7, 91, 185
rank-eye0031.png, 2, 2, 114, 85, 89, 7, 91, 185
rank-eye0032.png, 2, 2, 114, 85, 89, 7, 91, 185
rank-eye0033.png, 2, 2, 114, 85, 89, 7, 91, 185
rank-eye0034.png, 2, 2, 114, 85, 89, 7, 91, 185
rank-eye0035.png, 2, 2, 114, 85, 89, 7, 91, 185
rank-eye0036.png, 234, 2, 114, 85, 89, 7, 91, 185
rank-eye0037.png, 582, 2, 114, 85, 89, 7, 91, 185
rank-eye0038.png, 582, 2, 114, 85, 89, 7, 91, 185
rank-eye0039.png, 118, 2, 114, 85, 89, 7, 91, 185
rank-eye0040.png, 2, 2, 114, 85, 89, 7, 91, 185
rank-eye0041.png, 234, 2, 114, 85, 89, 7, 91, 185
rank-eye0042.png, 582, 2, 114, 85, 89, 7, 91, 185
rank-eye0043.png, 582, 2, 114, 85, 89, 7, 91, 185
rank-eye0044.png, 118, 2, 114, 85, 89, 7, 91, 185
rank-eye0045.png, 2, 2, 114, 85, 89, 7, 91, 185
rank-eye0046.png, 2, 2, 114, 85, 89, 7, 91, 185
rank-eye0047.png, 2, 2, 114, 85, 89, 7, 91, 185
rank-eye0048.png, 2, 2, 114, 85, 89, 7, 91, 185
rank-eye0049.png, 2, 2, 114, 85, 89, 7, 91, 185
rank-eye0050.png, 2, 2, 114, 85, 89, 7, 91, 185
rank-eye0051.png, 2, 2, 114, 85, 89, 7, 91, 185
rank-eye0052.png, 2, 2, 114, 85, 89, 7, 91, 185
rank-eye0053.png, 2, 2, 114, 85, 89, 7, 91, 185
rank-eye0054.png, 2, 2, 114, 85, 89, 7, 91, 185
rank-eye0055.png, 2, 2, 114, 85, 89, 7, 91, 185
rank-eye0056.png, 2, 2, 114, 85, 89, 7, 91, 185
rank-eye0057.png, 2, 2, 114, 85, 89, 7, 91, 185
rank-eye0058.png, 698, 2, 114, 85, 89, 7, 91, 185
rank-eye0059.png, 814, 2, 114, 85, 89, 7, 91, 185
rank-eye0060.png, 2, 89, 114, 85, 89, 7, 91, 185
rank-eye0061.png, 118, 89, 114, 85, 89, 7, 91, 185
rank-eye0062.png, 234, 89, 114, 85, 89, 7, 91, 185
rank-eye0063.png, 234, 89, 114, 85, 89, 7, 91, 185
rank-eye0064.png, 234, 89, 114, 85, 89, 7, 91, 185
rank-eye0065.png, 234, 89, 114, 85, 89, 7, 91, 185
rank-eye0066.png, 234, 89, 114, 85, 89, 7, 91, 185
rank-eye0067.png, 234, 89, 114, 85, 89, 7, 91, 185
rank-eye0068.png, 234, 89, 114, 85, 89, 7, 91, 185
rank-eye0069.png, 234, 89, 114, 85, 89, 7, 91, 185
rank-eye0070.png, 234, 89, 114, 85, 89, 7, 91, 185
rank-eye0071.png, 234, 89, 114, 85, 89, 7, 91, 185
rank-eye0072.png, 234, 89, 114, 85, 89, 7, 91, 185
rank-eye0073.png, 234, 89, 114, 85, 89, 7, 91, 185
rank-eye0074.png, 234, 89, 114, 85, 89, 7, 91, 185
rank-eye0075.png, 234, 89, 114, 85, 89, 7, 91, 185
rank-eye0076.png, 234, 89, 114, 85, 89, 7, 91, 185
rank-eye0077.png, 234, 89, 114, 85, 89, 7, 91, 185
rank-eye0078.png, 234, 89, 114, 85, 89, 7, 91, 185
rank-eye0079.png, 234, 89, 114, 85, 89, 7, 91, 185
rank-eye0080.png, 234, 89, 114, 85, 89, 7, 91, 185
rank-eye0081.png, 234, 89, 114, 85, 89, 7, 91, 185
rank-eye0082.png, 234, 89, 114, 85, 89, 7, 91, 185
rank-eye0083.png, 350, 89, 114, 85, 89, 7, 91, 185
rank-eye0084.png, 466, 89, 114, 85, 89, 7, 91, 185
rank-eye0085.png, 582, 2, 114, 85, 89, 7, 91, 185
rank-eye0086.png, 466, 89, 114, 85, 89, 7, 91, 185
rank-eye0087.png, 350, 89, 114, 85, 89, 7, 91, 185
rank-eye0088.png, 234, 89, 114, 85, 89, 7, 91, 185
rank-eye0089.png, 234, 89, 114, 85, 89, 7, 91, 185
rank-eye0090.png, 234, 89, 114, 85, 89, 7, 91, 185
rank-eye0091.png, 234, 89, 114, 85, 89, 7, 91, 185
rank-eye0092.png, 234, 89, 114, 85, 89, 7, 91, 185
rank-eye0093.png, 234, 89, 114, 85, 89, 7, 91, 185
rank-eye0094.png, 234, 89, 114, 85, 89, 7, 91, 185
rank-eye0095.png, 234, 89, 114, 85, 89, 7, 91, 185
rank-eye0096.png, 234, 89, 114, 85, 89, 7, 91, 185
rank-eye0097.png, 234, 89, 114, 85, 89, 7, 91, 185
rank-eye0098.png, 234, 89, 114, 85, 89, 7, 91, 185
rank-eye0099.png, 234, 89, 114, 85, 89, 7, 91, 185
rank-eye0100.png, 234, 89, 114, 85, 89, 7, 91, 185
rank-eye0101.png, 234, 89, 114, 85, 89, 7, 91, 185
rank-eye0102.png, 234, 89, 114, 85, 89, 7, 91, 185
rank-eye0103.png, 234, 89, 114, 85, 89, 7, 91, 185
rank-eye0104.png, 234, 89, 114, 85, 89, 7, 91, 185
rank-eye0105.png, 234, 89, 114, 85, 89, 7, 91, 185
rank-eye0106.png, 234, 89, 114, 85, 89, 7, 91, 185
rank-eye0107.png, 234, 89, 114, 85, 89, 7, 91, 185
rank-eye0108.png, 234, 89, 114, 85, 89, 7, 91, 185
rank-eye0109.png, 234, 89, 114, 85, 89, 7, 91, 185
rank-eye0110.png, 234, 89, 114, 85, 89, 7, 91, 185
rank-eye0111.png, 234, 89, 114, 85, 89, 7, 91, 185
rank-eye0112.png, 234, 89, 114, 85, 89, 7, 91, 185
rank-eye0113.png, 234, 89, 114, 85, 89, 7, 91, 185
rank-eye0114.png, 234, 89, 114, 85, 89, 7, 91, 185
rank-eye0115.png, 234, 89, 114, 85, 89, 7, 91, 185
rank-eye0116.png, 234, 89, 114, 85, 89, 7, 91, 185
rank-eye0117.png, 582, 89, 114, 85, 89, 7, 91, 185
rank-eye0118.png, 698, 2, 114, 85, 89, 7, 91, 185
rank-eye0119.png, 698, 89, 114, 85, 89, 7, 91, 185
rank-eye0120.png, 814, 89, 114, 85, 89, 7, 91, 185
rank-eye0121.png, 2, 2, 114, 85, 89, 7, 91, 185
rank-eye0122.png, 2, 2, 114, 85, 89, 7, 91, 185
rank-eye0123.png, 2, 2, 114, 85, 89, 7, 91, 185
rank-eye0124.png, 2, 2, 114, 85, 89, 7, 91, 185
rank-eye0125.png, 2, 2, 114, 85, 89, 7, 91, 185
rank-eye0126.png, 2, 2, 114, 85, 89, 7, 91, 185
rank-eye0127.png, 2, 2, 114, 85, 89, 7, 91, 185
rank-eye0128.png, 2, 2, 114, 85, 89, 7, 91, 185
rank-eye0129.png, 2, 2, 114, 85, 89, 7, 91, 185
rank-eye0130.png, 2, 2, 114, 85, 89, 7, 91, 185
rank-eye0131.png, 2, 2, 114, 85, 89, 7, 91, 185
rank-eye0132.png, 2, 2, 114, 85, 89, 7, 91, 185
rank-eye0133.png, 2, 2, 114, 85, 89, 7, 91, 185
rank-eye0134.png, 2, 2, 114, 85, 89, 7, 91, 185
rank-eye0135.png, 2, 2, 114, 85, 89, 7, 91, 185
rank-eye0136.png, 2, 2, 114, 85, 89, 7, 91, 185
rank-eye0137.png, 2, 2, 114, 85, 89, 7, 91, 185
rank-eye0138.png, 2, 2, 114, 85, 89, 7, 91, 185
rank-eye0139.png, 2, 2, 114, 85, 89, 7, 91, 185
rank-eye0140.png, 2, 2, 114, 85, 89, 7, 91, 185
rank-eye0141.png, 2, 2, 114, 85, 89, 7, 91, 185
rank-eye0142.png, 118, 2, 114, 85, 89, 7, 91, 185
rank-eye0143.png, 234, 2, 114, 85, 89, 7, 91, 185
rank-eye0144.png, 582, 2, 114, 85, 89, 7, 91, 185
rank-eye0145.png, 234, 2, 114, 85, 89, 7, 91, 185
rank-eye0146.png, 118, 2, 114, 85, 89, 7, 91, 185
rank-eye0147.png, 2, 2, 114, 85, 89, 7, 91, 185
rank-eye0148.png, 2, 2, 114, 85, 89, 7, 91, 185
rank-eye0149.png, 2, 2, 114, 85, 89, 7, 91, 185
rank-eye0150.png, 2, 2, 114, 85, 89, 7, 91, 185
rank-eye0151.png, 2, 2, 114, 85, 89, 7, 91, 185
rank-eye0152.png, 2, 2, 114, 85, 89, 7, 91, 185
rank-eye0153.png, 2, 176, 114, 85, 89, 7, 91, 185
rank-eye0154.png, 2, 176, 114, 85, 89, 7, 91, 185
rank-eye0155.png, 2, 176, 114, 85, 89, 7, 91, 185
rank-eye0156.png, 2, 176, 114, 85, 89, 7, 91, 185
rank-eye0157.png, 2, 2, 114, 85, 89, 7, 91, 185
rank-eye0158.png, 2, 2, 114, 85, 89, 7, 91, 185
rank-eye0159.png, 2, 2, 114, 85, 89, 7, 91, 185
rank-eye0160.png, 2, 2, 114, 85, 89, 7, 91, 185
rank-eye0161.png, 2, 2, 114, 85, 89, 7, 91, 185
rank-eye0162.png, 2, 2, 114, 85, 89, 7, 91, 185
rank-eye0163.png, 2, 2, 114, 85, 89, 7, 91, 185
rank-eye0164.png, 2, 2, 114, 85, 89, 7, 91, 185
rank-eye0165.png, 2, 2, 114, 85, 89, 7, 91, 185
rank-eye0166.png, 118, 2, 114, 85, 89, 7, 91, 185
rank-eye0167.png, 234, 2, 114, 85, 89, 7, 91, 185
rank-eye0168.png, 582, 2, 114, 85, 89, 7, 91, 185
rank-eye0169.png, 118, 176, 114, 85, 89, 7, 91, 185
rank-eye0170.png, 234, 176, 114, 85, 89, 7, 91, 185
rank-eye0171.png, 350, 176, 114, 85, 89, 7, 91, 185
rank-eye0172.png, 350, 176, 114, 85, 89, 7, 91, 185
rank-eye0173.png, 350, 176, 114, 85, 89, 7, 91, 185
rank-eye0174.png, 350, 176, 114, 85, 89, 7, 91, 185
rank-eye0175.png, 350, 176, 114, 85, 89, 7, 91, 185
rank-eye0176.png, 350, 176, 114, 85, 89, 7, 91, 185
rank-eye0177.png, 350, 176, 114, 85, 89, 7, 91, 185
rank-eye0178.png, 350, 176, 114, 85, 89, 7, 91, 185
rank-eye0179.png, 350, 176, 114, 85, 89, 7, 91, 185
rank-eye0180.png, 350, 176, 114, 85, 89, 7, 91, 185
rank-eye0181.png, 350, 176, 114, 85, 89, 7, 91, 185
rank-eye0182.png, 350, 176, 114, 85, 89, 7, 91, 185
rank-eye0183.png, 350, 176, 114, 85, 89, 7, 91, 185
rank-eye0184.png, 350, 176, 114, 85, 89, 7, 91, 185
rank-eye0185.png, 234, 176, 114, 85, 89, 7, 91, 185
rank-eye0186.png, 234, 176, 114, 85, 89, 7, 91, 185
rank-eye0187.png, 234, 176, 114, 85, 89, 7, 91, 185
rank-eye0188.png, 234, 176, 114, 85, 89, 7, 91, 185
rank-eye0189.png, 234, 176, 114, 85, 89, 7, 91, 185
rank-eye0190.png, 234, 176, 114, 85, 89, 7, 91, 185
rank-eye0191.png, 234, 176, 114, 85, 89, 7, 91, 185
rank-eye0192.png, 234, 176, 114, 85, 89, 7, 91, 185
rank-eye0193.png, 234, 176, 114, 85, 89, 7, 91, 185
rank-eye0194.png, 234, 176, 114, 85, 89, 7, 91, 185
rank-eye0195.png, 234, 176, 114, 85, 89, 7, 91, 185
rank-eye0196.png, 234, 176, 114, 85, 89, 7, 91, 185
rank-eye0197.png, 234, 176, 114, 85, 89, 7, 91, 185
rank-eye0198.png, 234, 176, 114, 85, 89, 7, 91, 185
rank-eye0199.png, 234, 176, 114, 85, 89, 7, 91, 185
rank-eye0200.png, 234, 176, 114, 85, 89, 7, 91, 185
rank-eye0201.png, 234, 176, 114, 85, 89, 7, 91, 185
rank-eye0202.png, 234, 176, 114, 85, 89, 7, 91, 185
rank-eye0203.png, 234, 176, 114, 85, 89, 7, 91, 185
rank-eye0204.png, 234, 176, 114, 85, 89, 7, 91, 185
rank-eye0205.png, 234, 176, 114, 85, 89, 7, 91, 185
rank-eye0206.png, 234, 176, 114, 85, 89, 7, 91, 185
rank-eye0207.png, 234, 176, 114, 85, 89, 7, 91, 185
rank-eye0208.png, 234, 176, 114, 85, 89, 7, 91, 185
rank-eye0209.png, 234, 176, 114, 85, 89, 7, 91, 185
rank-eye0210.png, 234, 176, 114, 85, 89, 7, 91, 185
rank-eye0211.png, 234, 176, 114, 85, 89, 7, 91, 185
rank-eye0212.png, 234, 176, 114, 85, 89, 7, 91, 185
rank-eye0213.png, 234, 176, 114, 85, 89, 7, 91, 185
rank-eye0214.png, 234, 176, 114, 85, 89, 7, 91, 185
rank-eye0215.png, 234, 176, 114, 85, 89, 7, 91, 185
rank-eye0216.png, 234, 176, 114, 85, 89, 7, 91, 185
rank-eye0217.png, 234, 176, 114, 85, 89, 7, 91, 185
rank-eye0218.png, 234, 176, 114, 85, 89, 7, 91, 185
rank-eye0219.png, 234, 176, 114, 85, 89, 7, 91, 185
rank-eye0220.png, 234, 176, 114, 85, 89, 7, 91, 185
rank-eye0221.png, 234, 176, 114, 85, 89, 7, 91, 185
rank-eye0222.png, 234, 176, 114, 85, 89, 7, 91, 185
rank-eye0223.png, 234, 176, 114, 85, 89, 7, 91, 185
rank-eye0224.png, 234, 176, 114, 85, 89, 7, 91, 185
rank-eye0225.png, 234, 176, 114, 85, 89, 7, 91, 185
rank-eye0226.png, 234, 176, 114, 85, 89, 7, 91, 185
rank-eye0227.png, 234, 176, 114, 85, 89, 7, 91, 185
rank-eye0228.png, 234, 176, 114, 85, 89, 7, 91, 185
rank-eye0229.png, 234, 176, 114, 85, 89, 7, 91, 185
rank-eye0230.png, 234, 176, 114, 85, 89, 7, 91, 185
rank-eye0231.png, 234, 176, 114, 85, 89, 7, 91, 185
rank-eye0232.png, 234, 176, 114, 85, 89, 7, 91, 185
rank-eye0233.png, 234, 176, 114, 85, 89, 7, 91, 185
rank-eye0234.png, 234, 176, 114, 85, 89, 7, 91, 185
rank-eye0235.png, 350, 176, 114, 85, 89, 7, 91, 185
rank-eye0236.png, 466, 176, 114, 85, 89, 7, 91, 185
rank-eye0237.png, 582, 176, 114, 85, 89, 7, 91, 185
rank-eye0238.png, 2, 2, 114, 85, 89, 7, 91, 185
rank-eye0239.png, 2, 2, 114, 85, 89, 7, 91, 185
rank-eye0240.png, 2, 2, 114, 85, 89, 7, 91, 185
rank-eye0241.png, 2, 2, 114, 85, 89, 7, 91, 185
rank-eye0242.png, 2, 2, 114, 85, 89, 7, 91, 185
rank-eye0243.png, 118, 2, 114, 85, 89, 7, 91, 185
rank-eye0244.png, 234, 2, 114, 85, 89, 7, 91, 185
rank-eye0245.png, 582, 2, 114, 85, 89, 7, 91, 185
rank-eye0246.png, 234, 2, 114, 85, 89, 7, 91, 185
rank-eye0247.png, 118, 2, 114, 85, 89, 7, 91, 185
rank-eye0248.png, 2, 2, 114, 85, 89, 7, 91, 185
rank-eye0249.png, 2, 2, 114, 85, 89, 7, 91, 185
rank-eye0250.png, 2, 2, 114, 85, 89, 7, 91, 185
rank-eye0251.png, 2, 2, 114, 85, 89, 7, 91, 185
rank-eye0252.png, 2, 2, 114, 85, 89, 7, 91, 185
rank-eye0253.png, 2, 2, 114, 85, 89, 7, 91, 185
rank-eye0254.png, 2, 2, 114, 85, 89, 7, 91, 185
rank-eye0255.png, 2, 2, 114, 85, 89, 7, 91, 185
rank-eye0256.png, 2, 2, 114, 85, 89, 7, 91, 185
rank-eye0257.png, 2, 2, 114, 85, 89, 7, 91, 185
rank-eye0258.png, 2, 2, 114, 85, 89, 7, 91, 185
rank-eye0259.png, 2, 2, 114, 85, 89, 7, 91, 185
rank-eye0260.png, 2, 2, 114, 85, 89, 7, 91, 185
rank-eye0261.png, 2, 2, 114, 85, 89, 7, 91, 185
rank-eye0262.png, 2, 2, 114, 85, 89, 7, 91, 185
rank-eye0263.png, 2, 2, 114, 85, 89, 7, 91, 185
rank-eye0264.png, 2, 2, 114, 85, 89, 7, 91, 185
rank-eye0265.png, 2, 2, 114, 85, 89, 7, 91, 185
rank-eye0266.png, 2, 2, 114, 85, 89, 7, 91, 185
rank-eye0267.png, 2, 2, 114, 85, 89, 7, 91, 185
rank-eye0268.png, 2, 2, 114, 85, 89, 7, 91, 185
rank-eye0269.png, 2, 2, 114, 85, 89, 7, 91, 185
rank-eye0270.png, 2, 2, 114, 85, 89, 7, 91, 185
rank-eye0271.png, 2, 2, 114, 85, 89, 7, 91, 185
rank-eye0272.png, 2, 2, 114, 85, 89, 7, 91, 185
rank-eye0273.png, 2, 2, 114, 85, 89, 7, 91, 185
rank-eye0274.png, 2, 2, 114, 85, 89, 7, 91, 185
rank-eye0275.png, 698, 176, 114, 85, 89, 7, 91, 185
rank-eye0276.png, 814, 176, 114, 85, 89, 7, 91, 185
rank-eye0277.png, 2, 263, 114, 85, 89, 7, 91, 185
rank-eye0278.png, 118, 263, 114, 85, 89, 7, 91, 185
rank-eye0279.png, 118, 263, 114, 85, 89, 7, 91, 185
rank-eye0280.png, 118, 263, 114, 85, 89, 7, 91, 185
rank-eye0281.png, 118, 263, 114, 85, 89, 7, 91, 185
rank-eye0282.png, 118, 263, 114, 85, 89, 7, 91, 185
rank-eye0283.png, 118, 263, 114, 85, 89, 7, 91, 185
rank-eye0284.png, 118, 263, 114, 85, 89, 7, 91, 185
rank-eye0285.png, 118, 263, 114, 85, 89, 7, 91, 185
rank-eye0286.png, 118, 263, 114, 85, 89, 7, 91, 185
rank-eye0287.png, 118, 263, 114, 85, 89, 7, 91, 185
rank-eye0288.png, 118, 263, 114, 85, 89, 7, 91, 185
rank-eye0289.png, 118, 263, 114, 85, 89, 7, 91, 185
rank-eye0290.png, 118, 263, 114, 85, 89, 7, 91, 185
rank-eye0291.png, 118, 263, 114, 85, 89, 7, 91, 185
rank-eye0292.png, 234, 263, 114, 85, 89, 7, 91, 185
rank-eye0293.png, 350, 263, 114, 85, 89, 7, 91, 185
rank-eye0294.png, 582, 2, 114, 85, 89, 7, 91, 185
rank-eye0295.png, 350, 263, 114, 85, 89, 7, 91, 185
rank-eye0296.png, 234, 263, 114, 85, 89, 7, 91, 185
rank-eye0297.png, 118, 263, 114, 85, 89, 7, 91, 185
rank-eye0298.png, 234, 263, 114, 85, 89, 7, 91, 185
rank-eye0299.png, 350, 263, 114, 85, 89, 7, 91, 185
rank-eye0300.png, 582, 2, 114, 85, 89, 7, 91, 185
rank-eye0301.png, 350, 263, 114, 85, 89, 7, 91, 185
rank-eye0302.png, 234, 263, 114, 85, 89, 7, 91, 185
rank-eye0303.png, 118, 263, 114, 85, 89, 7, 91, 185
rank-eye0304.png, 118, 263, 114, 85, 89, 7, 91, 185
rank-eye0305.png, 118, 263, 114, 85, 89, 7, 91, 185
rank-eye0306.png, 118, 263, 114, 85, 89, 7, 91, 185
rank-eye0307.png, 118, 263, 114, 85, 89, 7, 91, 185
rank-eye0308.png, 118, 263, 114, 85, 89, 7, 91, 185
rank-eye0309.png, 118, 263, 114, 85, 89, 7, 91, 185
rank-eye0310.png, 466, 263, 114, 85, 89, 7, 91, 185
rank-eye0311.png, 582, 263, 114, 85, 89, 7, 91, 185
rank-eye0312.png, 698, 263, 114, 85, 89, 7, 91, 185
rank-eye0313.png, 814, 263, 114, 85, 89, 7, 91, 185
rank-eye0314.png, 814, 263, 114, 85, 89, 7, 91, 185
rank-eye0315.png, 814, 263, 114, 85, 89, 7, 91, 185
rank-eye0316.png, 814, 263, 114, 85, 89, 7, 91, 185
rank-eye0317.png, 814, 263, 114, 85, 89, 7, 91, 185
rank-eye0318.png, 814, 263, 114, 85, 89, 7, 91, 185
rank-eye0319.png, 814, 263, 114, 85, 89, 7, 91, 185
rank-eye0320.png, 814, 263, 114, 85, 89, 7, 91, 185
rank-eye0321.png, 814, 263, 114, 85, 89, 7, 91, 185
rank-eye0322.png, 814, 263, 114, 85, 89, 7, 91, 185
rank-eye0323.png, 814, 263, 114, 85, 89, 7, 91, 185
rank-eye0324.png, 814, 263, 114, 85, 89, 7, 91, 185
rank-eye0325.png, 814, 263, 114, 85, 89, 7, 91, 185
rank-eye0326.png, 814, 263, 114, 85, 89, 7, 91, 185
rank-eye0327.png, 814, 263, 114, 85, 89, 7, 91, 185
rank-eye0328.png, 814, 263, 114, 85, 89, 7, 91, 185
rank-eye0329.png, 2, 350, 114, 85, 89, 7, 91, 185
rank-eye0330.png, 118, 350, 114, 85, 89, 7, 91, 185
rank-eye0331.png, 582, 2, 114, 85, 89, 7, 91, 185
rank-eye0332.png, 118, 350, 114, 85, 89, 7, 91, 185
rank-eye0333.png, 2, 350, 114, 85, 89, 7, 91, 185
rank-eye0334.png, 814, 263, 114, 85, 89, 7, 91, 185
rank-eye0335.png, 814, 263, 114, 85, 89, 7, 91, 185
rank-eye0336.png, 814, 263, 114, 85, 89, 7, 91, 185
rank-eye0337.png, 814, 263, 114, 85, 89, 7, 91, 185
rank-eye0338.png, 814, 263, 114, 85, 89, 7, 91, 185
rank-eye0339.png, 814, 263, 114, 85, 89, 7, 91, 185
rank-eye0340.png, 814, 263, 114, 85, 89, 7, 91, 185
rank-eye0341.png, 814, 263, 114, 85, 89, 7, 91, 185
rank-eye0342.png, 814, 263, 114, 85, 89, 7, 91, 185
rank-eye0343.png, 814, 263, 114, 85, 89, 7, 91, 185
rank-eye0344.png, 814, 263, 114, 85, 89, 7, 91, 185
rank-eye0345.png, 814, 263, 114, 85, 89, 7, 91, 185
rank-eye0346.png, 814, 263, 114, 85, 89, 7, 91, 185
rank-eye0347.png, 814, 263, 114, 85, 89, 7, 91, 185
rank-eye0348.png, 814, 263, 114, 85, 89, 7, 91, 185
rank-eye0349.png, 814, 263, 114, 85, 89, 7, 91, 185
rank-eye0350.png, 814, 263, 114, 85, 89, 7, 91, 185
rank-eye0351.png, 814, 263, 114, 85, 89, 7, 91, 185
rank-eye0352.png, 814, 263, 114, 85, 89, 7, 91, 185
rank-eye0353.png, 814, 263, 114, 85, 89, 7, 91, 185
rank-eye0354.png, 814, 263, 114, 85, 89, 7, 91, 185
rank-eye0355.png, 234, 350, 114, 85, 89, 7, 91, 185
rank-eye0356.png, 350, 350, 114, 85, 89, 7, 91, 185
rank-eye0357.png, 466, 350, 114, 85, 89, 7, 91, 185
rank-eye0358.png, 582, 350, 114, 85, 89, 7, 91, 185
rank-eye0359.png, 698, 350, 114, 85, 89, 7, 91, 185
rank-eye0360.png, 698, 350, 114, 85, 89, 7, 91, 185
rank-eye0361.png, 698, 350, 114, 85, 89, 7, 91, 185
rank-eye0362.png, 814, 350, 114, 85, 89, 7, 91, 185
rank-eye0363.png, 2, 437, 114, 85, 89, 7, 91, 185
rank-eye0364.png, 582, 2, 114, 85, 89, 7, 91, 185
rank-eye0365.png, 2, 437, 114, 85, 89, 7, 91, 185
rank-eye0366.png, 814, 350, 114, 85, 89, 7, 91, 185
rank-eye0367.png, 698, 350, 114, 85, 89, 7, 91, 185
rank-eye0368.png, 698, 350, 114, 85, 89, 7, 91, 185
rank-eye0369.png, 698, 350, 114, 85, 89, 7, 91, 185
rank-eye0370.png, 698, 350, 114, 85, 89, 7, 91, 185
rank-eye0371.png, 698, 350, 114, 85, 89, 7, 91, 185
rank-eye0372.png, 698, 350, 114, 85, 89, 7, 91, 185
rank-eye0373.png, 698, 350, 114, 85, 89, 7, 91, 185
rank-eye0374.png, 698, 350, 114, 85, 89, 7, 91, 185
rank-eye0375.png, 698, 350, 114, 85, 89, 7, 91, 185
rank-eye0376.png, 698, 350, 114, 85, 89, 7, 91, 185
rank-eye0377.png, 698, 350, 114, 85, 89, 7, 91, 185
rank-eye0378.png, 698, 350, 114, 85, 89, 7, 91, 185
rank-eye0379.png, 698, 350, 114, 85, 89, 7, 91, 185
rank-eye0380.png, 698, 350, 114, 85, 89, 7, 91, 185
rank-eye0381.png, 698, 350, 114, 85, 89, 7, 91, 185
rank-eye0382.png, 698, 350, 114, 85, 89, 7, 91, 185
rank-eye0383.png, 698, 350, 114, 85, 89, 7, 91, 185
rank-eye0384.png, 698, 350, 114, 85, 89, 7, 91, 185
rank-eye0385.png, 698, 350, 114, 85, 89, 7, 91, 185
rank-eye0386.png, 698, 350, 114, 85, 89, 7, 91, 185
rank-eye0387.png, 698, 350, 114, 85, 89, 7, 91, 185
rank-eye0388.png, 698, 350, 114, 85, 89, 7, 91, 185
rank-eye0389.png, 698, 350, 114, 85, 89, 7, 91, 185
rank-eye0390.png, 698, 350, 114, 85, 89, 7, 91, 185
rank-eye0391.png, 698, 350, 114, 85, 89, 7, 91, 185
rank-eye0392.png, 698, 350, 114, 85, 89, 7, 91, 185
rank-eye0393.png, 698, 350, 114, 85, 89, 7, 91, 185
rank-eye0394.png, 698, 350, 114, 85, 89, 7, 91, 185
rank-eye0395.png, 698, 350, 114, 85, 89, 7, 91, 185
rank-eye0396.png, 698, 350, 114, 85, 89, 7, 91, 185
rank-eye0397.png, 698, 350, 114, 85, 89, 7, 91, 185
rank-eye0398.png, 698, 350, 114, 85, 89, 7, 91, 185
rank-eye0399.png, 698, 350, 114, 85, 89, 7, 91, 185
rank-eye0400.png, 698, 350, 114, 85, 89, 7, 91, 185
rank-eye0401.png, 698, 350, 114, 85, 89, 7, 91, 185
rank-eye0402.png, 698, 350, 114, 85, 89, 7, 91, 185
rank-eye0403.png, 698, 350, 114, 85, 89, 7, 91, 185
rank-eye0404.png, 698, 350, 114, 85, 89, 7, 91, 185
rank-eye0405.png, 698, 350, 114, 85, 89, 7, 91, 185
rank-eye0406.png, 698, 350, 114, 85, 89, 7, 91, 185
rank-eye0407.png, 698, 350, 114, 85, 89, 7, 91, 185
rank-eye0408.png, 698, 350, 114, 85, 89, 7, 91, 185
rank-eye0409.png, 698, 350, 114, 85, 89, 7, 91, 185
rank-eye0410.png, 698, 350, 114, 85, 89, 7, 91, 185
rank-eye0411.png, 698, 350, 114, 85, 89, 7, 91, 185
rank-eye0412.png, 698, 350, 114, 85, 89, 7, 91, 185
rank-eye0413.png, 698, 350, 114, 85, 89, 7, 91, 185
rank-eye0414.png, 814, 350, 114, 85, 89, 7, 91, 185
rank-eye0415.png, 2, 437, 114, 85, 89, 7, 91, 185
rank-eye0416.png, 582, 2, 114, 85, 89, 7, 91, 185
rank-eye0417.png, 2, 437, 114, 85, 89, 7, 91, 185
rank-eye0418.png, 814, 350, 114, 85, 89, 7, 91, 185
rank-eye0419.png, 698, 350, 114, 85, 89, 7, 91, 185
rank-eye0420.png, 698, 350, 114, 85, 89, 7, 91, 185
rank-eye0421.png, 698, 350, 114, 85, 89, 7, 91, 185
rank-eye0422.png, 698, 350, 114, 85, 89, 7, 91, 185
rank-eye0423.png, 698, 350, 114, 85, 89, 7, 91, 185
rank-eye0424.png, 698, 350, 114, 85, 89, 7, 91, 185
rank-eye0425.png, 698, 350, 114, 85, 89, 7, 91, 185
rank-eye0426.png, 698, 350, 114, 85, 89, 7, 91, 185
rank-eye0427.png, 698, 350, 114, 85, 89, 7, 91, 185
rank-eye0428.png, 698, 350, 114, 85, 89, 7, 91, 185
rank-eye0429.png, 698, 350, 114, 85, 89, 7, 91, 185
rank-eye0430.png, 698, 350, 114, 85, 89, 7, 91, 185
rank-eye0431.png, 698, 350, 114, 85, 89, 7, 91, 185
rank-eye0432.png, 698, 350, 114, 85, 89, 7, 91, 185
rank-eye0433.png, 698, 350, 114, 85, 89, 7, 91, 185
rank-eye0434.png, 698, 350, 114, 85, 89, 7, 91, 185
rank-eye0435.png, 698, 350, 114, 85, 89, 7, 91, 185
rank-eye0436.png, 698, 350, 114, 85, 89, 7, 91, 185
rank-eye0437.png, 698, 350, 114, 85, 89, 7, 91, 185
rank-eye0438.png, 698, 350, 114, 85, 89, 7, 91, 185
rank-eye0439.png, 698, 350, 114, 85, 89, 7, 91, 185
rank-eye0440.png, 698, 350, 114, 85, 89, 7, 91, 185
rank-eye0441.png, 698, 350, 114, 85, 89, 7, 91, 185
rank-eye0442.png, 698, 350, 114, 85, 89, 7, 91, 185
rank-eye0443.png, 698, 350, 114, 85, 89, 7, 91, 185
rank-eye0444.png, 698, 350, 114, 85, 89, 7, 91, 185
rank-eye0445.png, 698, 350, 114, 85, 89, 7, 91, 185
rank-eye0446.png, 698, 350, 114, 85, 89, 7, 91, 185
rank-eye0447.png, 698, 350, 114, 85, 89, 7, 91, 185
rank-eye0448.png, 698, 350, 114, 85, 89, 7, 91, 185
rank-eye0449.png, 698, 350, 114, 85, 89, 7, 91, 185
rank-eye0450.png, 698, 350, 114, 85, 89, 7, 91, 185
rank-eye0451.png, 118, 437, 114, 85, 89, 7, 91, 185
rank-eye0452.png, 234, 437, 114, 85, 89, 7, 91, 185
rank-eye0453.png, 350, 437, 114, 85, 89, 7, 91, 185
rank-eye0454.png, 466, 437, 114, 85, 89, 7, 91, 185
rank-eye0455.png, 582, 437, 114, 85, 89, 7, 91, 185
rank-eye0456.png, 582, 437, 114, 85, 89, 7, 91, 185
rank-eye0457.png, 582, 437, 114, 85, 89, 7, 91, 185
rank-eye0458.png, 582, 437, 114, 85, 89, 7, 91, 185
rank-eye0459.png, 582, 437, 114, 85, 89, 7, 91, 185
rank-eye0460.png, 582, 437, 114, 85, 89, 7, 91, 185
rank-eye0461.png, 582, 437, 114, 85, 89, 7, 91, 185
rank-eye0462.png, 582, 437, 114, 85, 89, 7, 91, 185
rank-eye0463.png, 582, 437, 114, 85, 89, 7, 91, 185
rank-eye0464.png, 582, 437, 114, 85, 89, 7, 91, 185
rank-eye0465.png, 582, 437, 114, 85, 89, 7, 91, 185
rank-eye0466.png, 582, 437, 114, 85, 89, 7, 91, 185
rank-eye0467.png, 582, 437, 114, 85, 89, 7, 91, 185
rank-eye0468.png, 582, 437, 114, 85, 89, 7, 91, 185
rank-eye0469.png, 582, 437, 114, 85, 89, 7, 91, 185
rank-eye0470.png, 698, 437, 114, 85, 89, 7, 91, 185
rank-eye0471.png, 814, 437, 114, 85, 89, 7, 91, 185
rank-eye0472.png, 582, 2, 114, 85, 89, 7, 91, 185
rank-eye0473.png, 814, 437, 114, 85, 89, 7, 91, 185
rank-eye0474.png, 698, 437, 114, 85, 89, 7, 91, 185
rank-eye0475.png, 582, 437, 114, 85, 89, 7, 91, 185
rank-eye0476.png, 698, 437, 114, 85, 89, 7, 91, 185
rank-eye0477.png, 814, 437, 114, 85, 89, 7, 91, 185
rank-eye0478.png, 582, 2, 114, 85, 89, 7, 91, 185
rank-eye0479.png, 814, 437, 114, 85, 89, 7, 91, 185
rank-eye0480.png, 698, 437, 114, 85, 89, 7, 91, 185
rank-eye0481.png, 582, 437, 114, 85, 89, 7, 91, 185
rank-eye0482.png, 582, 437, 114, 85, 89, 7, 91, 185
rank-eye0483.png, 582, 437, 114, 85, 89, 7, 91, 185
rank-eye0484.png, 582, 437, 114, 85, 89, 7, 91, 185
rank-eye0485.png, 582, 437, 114, 85, 89, 7, 91, 185
rank-eye0486.png, 582, 437, 114, 85, 89, 7, 91, 185
rank-eye0487.png, 582, 437, 114, 85, 89, 7, 91, 185
rank-eye0488.png, 582, 437, 114, 85, 89, 7, 91, 185
rank-eye0489.png, 582, 437, 114, 85, 89, 7, 91, 185
rank-eye0490.png, 582, 437, 114, 85, 89, 7, 91, 185
rank-eye0491.png, 698, 437, 114, 85, 89, 7, 91, 185
rank-eye0492.png, 814, 437, 114, 85, 89, 7, 91, 185
rank-eye0493.png, 814, 437, 114, 85, 89, 7, 91, 185
rank-eye0494.png, 814, 437, 114, 85, 89, 7, 91, 185
rank-eye0495.png, 814, 437, 114, 85, 89, 7, 91, 185
rank-eye0496.png, 814, 437, 114, 85, 89, 7, 91, 185
rank-eye0497.png, 814, 437, 114, 85, 89, 7, 91, 185
rank-eye0498.png, 814, 437, 114, 85, 89, 7, 91, 185
rank-eye0499.png, 814, 437, 114, 85, 89, 7, 91, 185
rank-eye0500.png, 814, 437, 114, 85, 89, 7, 91, 185
rank-eye0501.png, 814, 437, 114, 85, 89, 7, 91, 185
rank-eye0502.png, 814, 437, 114, 85, 89, 7, 91, 185
rank-eye0503.png, 814, 437, 114, 85, 89, 7, 91, 185
rank-eye0504.png, 814, 437, 114, 85, 89, 7, 91, 185
rank-eye0505.png, 814, 437, 114, 85, 89, 7, 91, 185
rank-eye0506.png, 814, 437, 114, 85, 89, 7, 91, 185
rank-eye0507.png, 814, 437, 114, 85, 89, 7, 91, 185
rank-eye0508.png, 814, 437, 114, 85, 89, 7, 91, 185
rank-eye0509.png, 814, 437, 114, 85, 89, 7, 91, 185
rank-eye0510.png, 814, 437, 114, 85, 89, 7, 91, 185
rank-eye0511.png, 814, 437, 114, 85, 89, 7, 91, 185
rank-eye0512.png, 814, 437, 114, 85, 89, 7, 91, 185
rank-eye0513.png, 814, 437, 114, 85, 89, 7, 91, 185
rank-eye0514.png, 814, 437, 114, 85, 89, 7, 91, 185
rank-eye0515.png, 814, 437, 114, 85, 89, 7, 91, 185
rank-eye0516.png, 814, 437, 114, 85, 89, 7, 91, 185
rank-eye0517.png, 814, 437, 114, 85, 89, 7, 91, 185
rank-eye0518.png, 814, 437, 114, 85, 89, 7, 91, 185
rank-eye0519.png, 814, 437, 114, 85, 89, 7, 91, 185
rank-eye0520.png, 814, 437, 114, 85, 89, 7, 91, 185
rank-eye0521.png, 814, 437, 114, 85, 89, 7, 91, 185
rank-eye0522.png, 814, 437, 114, 85, 89, 7, 91, 185
rank-eye0523.png, 814, 437, 114, 85, 89, 7, 91, 185
rank-eye0524.png, 814, 437, 114, 85, 89, 7, 91, 185
rank-eye0525.png, 814, 437, 114, 85, 89, 7, 91, 185
rank-eye0526.png, 814, 437, 114, 85, 89, 7, 91, 185
rank-eye0527.png, 814, 437, 114, 85, 89, 7, 91, 185
rank-eye0528.png, 814, 437, 114, 85, 89, 7, 91, 185
rank-eye0529.png, 814, 437, 114, 85, 89, 7, 91, 185
rank-eye0530.png, 814, 437, 114, 85, 89, 7, 91, 185
rank-eye0531.png, 814, 437, 114, 85, 89, 7, 91, 185
rank-eye0532.png, 814, 437, 114, 85, 89, 7, 91, 185
rank-eye0533.png, 814, 437, 114, 85, 89, 7, 91, 185
rank-eye0534.png, 814, 437, 114, 85, 89, 7, 91, 185
rank-eye0535.png, 814, 437, 114, 85, 89, 7, 91, 185
rank-eye0536.png, 814, 437, 114, 85, 89, 7, 91, 185
rank-eye0537.png, 814, 437, 114, 85, 89, 7, 91, 185
rank-eye0538.png, 814, 437, 114, 85, 89, 7, 91, 185
rank-eye0539.png, 814, 437, 114, 85, 89, 7, 91, 185
rank-eye0540.png, 814, 437, 114, 85, 89, 7, 91, 185
rank-eye0541.png, 814, 437, 114, 85, 89, 7, 91, 185
rank-eye0542.png, 814, 437, 114, 85, 89, 7, 91, 185
rank-eye0543.png, 814, 437, 114, 85, 89, 7, 91, 185
rank-eye0544.png, 814, 437, 114, 85, 89, 7, 91, 185
rank-eye0545.png, 698, 437, 114, 85, 89, 7, 91, 185
rank-eye0546.png, 582, 437, 114, 85, 89, 7, 91, 185
rank-eye0547.png, 2, 524, 114, 85, 89, 7, 91, 185
rank-eye0548.png, 2, 2, 114, 85, 89, 7, 91, 185
rank-eye0549.png, 2, 2, 114, 85, 89, 7, 91, 185
rank-eye0550.png, 2, 2, 114, 85, 89, 7, 91, 185
rank-eye0551.png, 2, 2, 114, 85, 89, 7, 91, 185
rank-eye0552.png, 2, 2, 114, 85, 89, 7, 91, 185
rank-eye0553.png, 2, 2, 114, 85, 89, 7, 91, 185
rank-eye0554.png, 2, 2, 114, 85, 89, 7, 91, 185
rank-eye0555.png, 2, 2, 114, 85, 89, 7, 91, 185
rank-eye0556.png, 2, 2, 114, 85, 89, 7, 91, 185
rank-eye0557.png, 2, 2, 114, 85, 89, 7, 91, 185
rank-eye0558.png, 2, 2, 114, 85, 89, 7, 91, 185
rank-eye0559.png, 2, 2, 114, 85, 89, 7, 91, 185
rank-eye0560.png, 2, 2, 114, 85, 89, 7, 91, 185
rank-eye0561.png, 2, 2, 114, 85, 89, 7, 91, 185
rank-eye0562.png, 2, 2, 114, 85, 89, 7, 91, 185
rank-eye0563.png, 2, 2, 114, 85, 89, 7, 91, 185
rank-eye0564.png, 2, 2, 114, 85, 89, 7, 91, 185
rank-eye0565.png, 2, 2, 114, 85, 89, 7, 91, 185
rank-eye0566.png, 2, 2, 114, 85, 89, 7, 91, 185
rank-eye0567.png, 2, 2, 114, 85, 89, 7, 91, 185
rank-eye0568.png, 2, 2, 114, 85, 89, 7, 91, 185
rank-eye0569.png, 2, 2, 114, 85, 89, 7, 91, 185
rank-eye0570.png, 2, 2, 114, 85, 89, 7, 91, 185
rank-eye0571.png, 2, 2, 114, 85, 89, 7, 91, 185
rank-eye0572.png, 2, 2, 114, 85, 89, 7, 91, 185
rank-eye0573.png, 2, 2, 114, 85, 89, 7, 91, 185
rank-eye0574.png, 2, 2, 114, 85, 89, 7, 91, 185
rank-eye0575.png, 2, 2, 114, 85, 89, 7, 91, 185
rank-eye0576.png, 2, 2, 114, 85, 89, 7, 91, 185
rank-eye0577.png, 2, 2, 114, 85, 89, 7, 91, 185
rank-eye0578.png, 2, 2, 114, 85, 89, 7, 91, 185
rank-eye0579.png, 2, 2, 114, 85, 89, 7, 91, 185
rank-eye0580.png, 2, 2, 114, 85, 89, 7, 91, 185
rank-eye0581.png, 2, 2, 114, 85, 89, 7, 91, 185
rank-eye0582.png, 2, 2, 114, 85, 89, 7, 91, 185
rank-eye0583.png, 2, 2, 114, 85, 89, 7, 91, 185
rank-eye0584.png, 2, 2, 114, 85, 89, 7, 91, 185
rank-eye0585.png, 2, 2, 114, 85, 89, 7, 91, 185
rank-eye0586.png, 2, 2, 114, 85, 89, 7, 91, 185
rank-eye0587.png, 2, 2, 114, 85, 89, 7, 91, 185
rank-eye0588.png, 2, 2, 114, 85, 89, 7, 91, 185
rank-eye0589.png, 2, 2, 114, 85, 89, 7, 91, 185
rank-eye0590.png, 2, 2, 114, 85, 89, 7, 91, 185
rank-eye0591.png, 2, 2, 114, 85, 89, 7, 91, 185
rank-eye0592.png, 2, 2, 114, 85, 89, 7, 91, 185
rank-eye0593.png, 2, 2, 114, 85, 89, 7, 91, 185
rank-eye0594.png, 2, 2, 114, 85, 89, 7, 91, 185
rank-eye0595.png, 2, 2, 114, 85, 89, 7, 91, 185
rank-eye0596.png, 2, 2, 114, 85, 89, 7, 91, 185
rank-eye0597.png, 2, 2, 114, 85, 89, 7, 91, 185
rank-eye0598.png, 2, 2, 114, 85, 89, 7, 91, 185
rank-eye0599.png, 2, 2, 114, 85, 89, 7, 91, 185
rank-eye0600.png, 2, 2, 114, 85, 89, 7, 91, 185
rank-eye0601.png, 2, 2, 114, 85, 89, 7, 91, 185
rank-eye0602.png, 2, 2, 114, 85, 89, 7, 91, 185
rank-eye0603.png, 2, 2, 114, 85, 89, 7, 91, 185
rank-eye0604.png, 2, 2, 114, 85, 89, 7, 91, 185
rank-eye0605.png, 2, 2, 114, 85, 89, 7, 91, 185
rank-eye0606.png, 2, 2, 114, 85, 89, 7, 91, 185
rank-eye0607.png, 2, 2, 114, 85, 89, 7, 91, 185
rank-eye0608.png, 2, 2, 114, 85, 89, 7, 91, 185
rank-eye0609.png, 2, 2, 114, 85, 89, 7, 91, 185
rank-eye0610.png, 2, 2, 114, 85, 89, 7, 91, 185
rank-eye0611.png, 2, 2, 114, 85, 89, 7, 91, 185
rank-eye0612.png, 2, 2, 114, 85, 89, 7, 91, 185
rank-eye0613.png, 2, 2, 114, 85, 89, 7, 91, 185
rank-eye0614.png, 2, 2, 114, 85, 89, 7, 91, 185
rank-eye0615.png, 2, 2, 114, 85, 89, 7, 91, 185
rank-eye0616.png, 2, 2, 114, 85, 89, 7, 91, 185
rank-eye0617.png, 2, 2, 114, 85, 89, 7, 91, 185
rank-eye0618.png, 2, 2, 114, 85, 89, 7, 91, 185
rank-eye0619.png, 2, 2, 114, 85, 89, 7, 91, 185
rank-eye0620.png, 2, 2, 114, 85, 89, 7, 91, 185
rank-eye0621.png, 2, 2, 114, 85, 89, 7, 91, 185
rank-eye0622.png, 2, 2, 114, 85, 89, 7, 91, 185
rank-eye0623.png, 2, 2, 114, 85, 89, 7, 91, 185
rank-eye0624.png, 2, 2, 114, 85, 89, 7, 91, 185
rank-eye0625.png, 2, 2, 114, 85, 89, 7, 91, 185
rank-eye0626.png, 2, 2, 114, 85, 89, 7, 91, 185
rank-eye0627.png, 2, 2, 114, 85, 89, 7, 91, 185
rank-eye0628.png, 2, 2, 114, 85, 89, 7, 91, 185
rank-eye0629.png, 2, 2, 114, 85, 89, 7, 91, 185
rank-eye0630.png, 2, 2, 114, 85, 89, 7, 91, 185
rank-eye0631.png, 2, 2, 114, 85, 89, 7, 91, 185
rank-eye0632.png, 118, 2, 114, 85, 89, 7, 91, 185
rank-eye0633.png, 234, 2, 114, 85, 89, 7, 91, 185
rank-eye0634.png, 582, 2, 114, 85, 89, 7, 91, 185
rank-eye0635.png, 234, 2, 114, 85, 89, 7, 91, 185
rank-eye0636.png, 118, 2, 114, 85, 89, 7, 91, 185
rank-eye0637.png, 2, 2, 114, 85, 89, 7, 91, 185
rank-eye0638.png, 2, 2, 114, 85, 89, 7, 91, 185
rank-eye0639.png, 2, 2, 114, 85, 89, 7, 91, 185
rank-eye0640.png, 2, 2, 114, 85, 89, 7, 91, 185
rank-eye0641.png, 2, 2, 114, 85, 89, 7, 91, 185
rank-eye0642.png, 2, 2, 114, 85, 89, 7, 91, 185
rank-eye0643.png, 2, 2, 114, 85, 89, 7, 91, 185
rank-eye0644.png, 2, 2, 114, 85, 89, 7, 91, 185
rank-eye0645.png, 2, 2, 114, 85, 89, 7, 91, 185
rank-eye0646.png, 2, 2, 114, 85, 89, 7, 91, 185
rank-eye0647.png, 2, 2, 114, 85, 89, 7, 91, 185
rank-eye0648.png, 2, 2, 114, 85, 89, 7, 91, 185
rank-eye0649.png, 2, 2, 114, 85, 89, 7, 91, 185
rank-eye0650.png, 2, 2, 114, 85, 89, 7, 91, 185
rank-eye0651.png, 2, 2, 114, 85, 89, 7, 91, 185
rank-eye0652.png, 2, 2, 114, 85, 89, 7, 91, 185
rank-eye0653.png, 2, 2, 114, 85, 89, 7, 91, 185
rank-eye0654.png, 2, 2, 114, 85, 89, 7, 91, 185
rank-eye0655.png, 2, 2, 114, 85, 89, 7, 91, 185
rank-eye0656.png, 2, 2, 114, 85, 89, 7, 91, 185
rank-eye0657.png, 2, 2, 114, 85, 89, 7, 91, 185
rank-eye0658.png, 2, 2, 114, 85, 89, 7, 91, 185
rank-eye0659.png, 2, 2, 114, 85, 89, 7, 91, 185
rank-eye0660.png, 2, 2, 114, 85, 89, 7, 91, 185
rank-eye0661.png, 2, 2, 114, 85, 89, 7, 91, 185
rank-eye0662.png, 2, 2, 114, 85, 89, 7, 91, 185
rank-eye0663.png, 2, 2, 114, 85, 89, 7, 91, 185
rank-eye0664.png, 2, 2, 114, 85, 89, 7, 91, 185
rank-eye0665.png, 2, 2, 114, 85, 89, 7, 91, 185
rank-eye0666.png, 2, 2, 114, 85, 89, 7, 91, 185
rank-eye0667.png, 2, 2, 114, 85, 89, 7, 91, 185
rank-eye0668.png, 2, 2, 114, 85, 89, 7, 91, 185
rank-eye0669.png, 2, 2, 114, 85, 89, 7, 91, 185
rank-eye0670.png, 2, 2, 114, 85, 89, 7, 91, 185
rank-eye0671.png, 2, 2, 114, 85, 89, 7, 91, 185
rank-eye0672.png, 2, 2, 114, 85, 89, 7, 91, 185
rank-eye0673.png, 2, 2, 114, 85, 89, 7, 91, 185
rank-eye0674.png, 2, 2, 114, 85, 89, 7, 91, 185
rank-eye0675.png, 2, 2, 114, 85, 89, 7, 91, 185
rank-eye0676.png, 2, 2, 114, 85, 89, 7, 91, 185
rank-eye0677.png, 2, 2, 114, 85, 89, 7, 91, 185
rank-eye0678.png, 2, 2, 114, 85, 89, 7, 91, 185
rank-eye0679.png, 2, 2, 114, 85, 89, 7, 91, 185
rank-eye0680.png, 2, 2, 114, 85, 89, 7, 91, 185
rank-eye0681.png, 2, 2, 114, 85, 89, 7, 91, 185
rank-eye0682.png, 2, 2, 114, 85, 89, 7, 91, 185
rank-eye0683.png, 2, 2, 114, 85, 89, 7, 91, 185
rank-eye0684.png, 2, 2, 114, 85, 89, 7, 91, 185
rank-eye0685.png, 2, 2, 114, 85, 89, 7, 91, 185
rank-eye0686.png, 2, 2, 114, 85, 89, 7, 91, 185
rank-eye0687.png, 2, 2, 114, 85, 89, 7, 91, 185
rank-eye0688.png, 2, 2, 114, 85, 89, 7, 91, 185
rank-eye0689.png, 2, 2, 114, 85, 89, 7, 91, 185
rank-eye0690.png, 2, 2, 114, 85, 89, 7, 91, 185
rank-eye0691.png, 2, 2, 114, 85, 89, 7, 91, 185
rank-eye0692.png, 2, 2, 114, 85, 89, 7, 91, 185
rank-eye0693.png, 2, 2, 114, 85, 89, 7, 91, 185
rank-eye0694.png, 2, 2, 114, 85, 89, 7, 91, 185
rank-eye0695.png, 2, 2, 114, 85, 89, 7, 91, 185
rank-eye0696.png, 2, 2, 114, 85, 89, 7, 91, 185
rank-eye0697.png, 2, 2, 114, 85, 89, 7, 91, 185
rank-eye0698.png, 2, 2, 114, 85, 89, 7, 91, 185
rank-eye0699.png, 2, 2, 114, 85, 89, 7, 91, 185
rank-eye0700.png, 2, 2, 114, 85, 89, 7, 91, 185
