frog-ribbit10001.png, 2, 2, 92, 104, 23, 18, 25, 18
frog-ribbit10002.png, 95, 2, 92, 102, 23, 20, 25, 18
frog-ribbit10003.png, 188, 2, 92, 102, 23, 20, 25, 18
frog-ribbit10004.png, 281, 2, 92, 100, 23, 22, 25, 18
frog-ribbit10005.png, 374, 2, 92, 100, 23, 22, 25, 18
frog-ribbit10006.png, 2, 107, 92, 98, 23, 24, 25, 18
frog-ribbit10007.png, 95, 107, 92, 100, 23, 22, 25, 18
frog-ribbit10008.png, 188, 107, 92, 104, 23, 18, 25, 18
frog-ribbit10009.png, 281, 107, 92, 106, 23, 16, 25, 18
frog-ribbit10010.png, 374, 107, 92, 110, 23, 12, 25, 18
frog-ribbit10011.png, 2, 218, 92, 106, 23, 16, 25, 18
frog-ribbit10012.png, 95, 218, 92, 104, 23, 18, 25, 18
frog-ribbit10013.png, 188, 218, 92, 100, 23, 22, 25, 18
frog-ribbit10014.png, 281, 218, 92, 98, 23, 24, 25, 18
frog-ribbit10015.png, 374, 218, 92, 98, 23, 24, 25, 18
frog-ribbit10016.png, 2, 325, 92, 100, 23, 22, 25, 18
frog-ribbit10017.png, 95, 325, 92, 100, 23, 22, 25, 18
frog-ribbit10018.png, 188, 325, 92, 100, 23, 22, 25, 18
frog-ribbit10019.png, 281, 325, 92, 102, 23, 20, 25, 18
frog-ribbit10020.png, 374, 325, 92, 102, 23, 20, 25, 18
frog-ribbit10021.png, 2, 428, 92, 104, 23, 18, 25, 18
frog-ribbit10022.png, 95, 428, 92, 104, 23, 18, 25, 18
frog-ribbit10023.png, 188, 428, 92, 104, 23, 18, 25, 18
frog-ribbit10024.png, 281, 428, 92, 104, 23, 18, 25, 18
frog-ribbit10025.png, 188, 428, 92, 104, 23, 18, 25, 18
frog-ribbit10026.png, 95, 428, 92, 104, 23, 18, 25, 18
frog-ribbit10027.png, 2, 428, 92, 104, 23, 18, 25, 18
frog-ribbit10028.png, 2, 428, 92, 104, 23, 18, 25, 18
