frog_jump_up_010001.png, 368, 260, 112, 130, 27, 121, 25, 11
frog_jump_up_010002.png, 2, 170, 114, 166, 22, 66, 28, 30
frog_jump_up_010003.png, 2, 2, 118, 166, 17, 35, 29, 61
frog_jump_up_010004.png, 118, 170, 126, 152, 16, 11, 22, 99
frog_jump_up_010005.png, 150, 324, 144, 134, 5, 15, 15, 113
frog_jump_up_010006.png, 2, 338, 146, 154, 7, 38, 11, 70
frog_jump_up_010007.png, 122, 2, 144, 150, 17, 55, 3, 57
frog_jump_up_010008.png, 246, 154, 120, 132, 20, 88, 24, 42
frog_jump_up_010009.png, 384, 130, 116, 128, 23, 108, 25, 26
frog_jump_up_010010.png, 384, 2, 120, 126, 21, 129, 23, 7
frog_jump_up_010011.png, 268, 2, 114, 130, 25, 123, 25, 9
frog_jump_up_010012.png, 368, 260, 112, 130, 27, 121, 25, 11
