logs_frog_010001.png, 321, 228, 95, 110, 17, 103, 19, 5
logs_frog_010002.png, 2, 142, 95, 138, 14, 59, 22, 21
logs_frog_010003.png, 2, 2, 99, 138, 10, 33, 22, 47
logs_frog_010004.png, 99, 142, 105, 128, 10, 13, 16, 77
logs_frog_010005.png, 226, 2, 121, 112, 0, 16, 10, 90
logs_frog_010006.png, 2, 282, 123, 128, 1, 36, 7, 54
logs_frog_010007.png, 103, 2, 121, 126, 10, 49, 0, 43
logs_frog_010008.png, 99, 646, 101, 110, 12, 78, 18, 30
logs_frog_010009.png, 741, 110, 97, 108, 15, 93, 19, 17
logs_frog_010010.png, 741, 2, 101, 106, 13, 111, 17, 1
logs_frog_010011.png, 844, 2, 97, 108, 16, 107, 18, 3
logs_frog_010012.png, 321, 228, 95, 110, 17, 103, 19, 5
logs_frog_010013.png, 840, 112, 97, 106, 17, 108, 17, 4
logs_frog_010014.png, 792, 220, 95, 108, 17, 106, 19, 4
logs_frog_010015.png, 889, 220, 93, 108, 18, 106, 20, 4
logs_frog_010016.png, 297, 470, 93, 110, 17, 104, 21, 4
logs_frog_010017.png, 287, 836, 93, 110, 17, 104, 21, 4
logs_frog_010018.png, 97, 760, 93, 112, 17, 102, 21, 4
logs_frog_010019.png, 287, 724, 93, 110, 17, 104, 21, 4
logs_frog_010020.png, 295, 358, 95, 110, 17, 104, 19, 4
logs_frog_010021.png, 493, 446, 97, 108, 16, 106, 18, 4
logs_frog_010022.png, 382, 912, 99, 108, 15, 106, 17, 4
logs_frog_010023.png, 382, 802, 99, 108, 15, 106, 17, 4
logs_frog_010024.png, 297, 582, 101, 108, 15, 106, 15, 4
logs_frog_010025.png, 400, 560, 99, 108, 15, 106, 17, 4
logs_frog_010026.png, 200, 500, 95, 110, 17, 104, 19, 4
logs_frog_010027.png, 192, 870, 93, 110, 18, 104, 20, 4
logs_frog_010028.png, 202, 612, 93, 110, 17, 104, 21, 4
logs_frog_010029.png, 2, 874, 93, 112, 17, 102, 21, 4
logs_frog_010030.png, 2, 760, 93, 112, 17, 102, 21, 4
logs_frog_010031.png, 192, 758, 93, 110, 17, 104, 21, 4
logs_frog_010032.png, 349, 2, 95, 110, 16, 104, 20, 4
logs_frog_010033.png, 642, 2, 97, 108, 15, 106, 19, 4
logs_frog_010034.png, 596, 112, 97, 108, 16, 106, 18, 4
logs_frog_010035.png, 382, 692, 99, 108, 15, 106, 17, 4
logs_frog_010036.png, 297, 582, 101, 108, 15, 106, 15, 4
logs_frog_010037.png, 400, 560, 99, 108, 15, 106, 17, 4
logs_frog_010038.png, 200, 500, 95, 110, 17, 104, 19, 4
logs_frog_010039.png, 192, 870, 93, 110, 18, 104, 20, 4
logs_frog_010040.png, 202, 612, 93, 110, 17, 104, 21, 4
logs_frog_010041.png, 2, 874, 93, 112, 17, 102, 21, 4
logs_frog_010042.png, 2, 760, 93, 112, 17, 102, 21, 4
logs_frog_010043.png, 97, 874, 93, 110, 18, 104, 20, 4
logs_frog_010044.png, 303, 116, 95, 110, 17, 104, 19, 4
logs_frog_010045.png, 519, 224, 97, 108, 16, 106, 18, 4
logs_frog_010046.png, 392, 450, 99, 108, 15, 106, 17, 4
logs_frog_010047.png, 541, 2, 99, 108, 15, 106, 17, 4
logs_frog_010048.png, 297, 582, 101, 108, 15, 106, 15, 4
logs_frog_010049.png, 495, 114, 99, 108, 15, 106, 17, 4
logs_frog_010050.png, 224, 246, 95, 110, 17, 104, 19, 4
logs_frog_010051.png, 446, 2, 93, 110, 18, 104, 20, 4
logs_frog_010052.png, 400, 114, 93, 110, 17, 104, 21, 4
logs_frog_010053.png, 2, 874, 93, 112, 17, 102, 21, 4
logs_frog_010054.png, 2, 760, 93, 112, 17, 102, 21, 4
logs_frog_010055.png, 198, 388, 95, 110, 16, 104, 20, 4
logs_frog_010056.png, 695, 220, 95, 108, 17, 106, 19, 4
logs_frog_010057.png, 493, 336, 97, 108, 16, 106, 18, 4
logs_frog_010058.png, 418, 226, 99, 108, 15, 106, 17, 4
logs_frog_010059.png, 392, 340, 99, 108, 15, 106, 17, 4
logs_frog_010060.png, 101, 528, 97, 110, 16, 104, 18, 4
logs_frog_010061.png, 99, 412, 97, 114, 16, 100, 18, 4
logs_frog_010062.png, 2, 530, 97, 114, 16, 100, 18, 4
logs_frog_010063.png, 2, 412, 95, 116, 17, 98, 19, 4
logs_frog_010064.png, 206, 130, 95, 114, 17, 100, 19, 4
logs_frog_010065.png, 127, 272, 95, 114, 17, 100, 19, 4
logs_frog_010066.png, 2, 646, 95, 112, 17, 102, 19, 4
logs_frog_010067.png, 2, 646, 95, 112, 17, 102, 19, 4
logs_frog_010068.png, 2, 646, 95, 112, 17, 102, 19, 4
logs_frog_010069.png, 2, 646, 95, 112, 17, 102, 19, 4
logs_frog_010070.png, 2, 646, 95, 112, 17, 102, 19, 4
logs_frog_010071.png, 2, 646, 95, 112, 17, 102, 19, 4
logs_frog_010072.png, 2, 646, 95, 112, 17, 102, 19, 4
logs_frog_010073.png, 2, 646, 95, 112, 17, 102, 19, 4
logs_frog_010074.png, 2, 646, 95, 112, 17, 102, 19, 4
logs_frog_010075.png, 2, 646, 95, 112, 17, 102, 19, 4
logs_frog_010076.png, 321, 228, 95, 110, 17, 103, 19, 5
logs_frog_010077.png, 2, 142, 95, 138, 14, 59, 22, 21
logs_frog_010078.png, 2, 2, 99, 138, 10, 33, 22, 47
logs_frog_010079.png, 99, 142, 105, 128, 10, 13, 16, 77
logs_frog_010080.png, 226, 2, 121, 112, 0, 16, 10, 90
logs_frog_010081.png, 2, 282, 123, 128, 1, 36, 7, 54
logs_frog_010082.png, 103, 2, 121, 126, 10, 49, 0, 43
logs_frog_010083.png, 99, 646, 101, 110, 12, 78, 18, 30
logs_frog_010084.png, 741, 110, 97, 108, 15, 93, 19, 17
logs_frog_010085.png, 741, 2, 101, 106, 13, 111, 17, 1
logs_frog_010086.png, 844, 2, 97, 108, 16, 107, 18, 3
logs_frog_010087.png, 321, 228, 95, 110, 17, 103, 19, 5
logs_frog_010088.png, 840, 112, 97, 106, 17, 108, 17, 4
logs_frog_010089.png, 792, 220, 95, 108, 17, 106, 19, 4
logs_frog_010090.png, 889, 220, 93, 108, 18, 106, 20, 4
logs_frog_010091.png, 297, 470, 93, 110, 17, 104, 21, 4
logs_frog_010092.png, 287, 836, 93, 110, 17, 104, 21, 4
logs_frog_010093.png, 97, 760, 93, 112, 17, 102, 21, 4
logs_frog_010094.png, 287, 724, 93, 110, 17, 104, 21, 4
logs_frog_010095.png, 295, 358, 95, 110, 17, 104, 19, 4
logs_frog_010096.png, 493, 446, 97, 108, 16, 106, 18, 4
logs_frog_010097.png, 382, 912, 99, 108, 15, 106, 17, 4
logs_frog_010098.png, 382, 802, 99, 108, 15, 106, 17, 4
logs_frog_010099.png, 297, 582, 101, 108, 15, 106, 15, 4
logs_frog_010100.png, 400, 560, 99, 108, 15, 106, 17, 4
logs_frog_010101.png, 200, 500, 95, 110, 17, 104, 19, 4
logs_frog_010102.png, 192, 870, 93, 110, 18, 104, 20, 4
logs_frog_010103.png, 202, 612, 93, 110, 17, 104, 21, 4
logs_frog_010104.png, 2, 874, 93, 112, 17, 102, 21, 4
logs_frog_010105.png, 2, 760, 93, 112, 17, 102, 21, 4
logs_frog_010106.png, 192, 758, 93, 110, 17, 104, 21, 4
logs_frog_010107.png, 349, 2, 95, 110, 16, 104, 20, 4
logs_frog_010108.png, 642, 2, 97, 108, 15, 106, 19, 4
logs_frog_010109.png, 596, 112, 97, 108, 16, 106, 18, 4
logs_frog_010110.png, 382, 692, 99, 108, 15, 106, 17, 4
logs_frog_010111.png, 297, 582, 101, 108, 15, 106, 15, 4
logs_frog_010112.png, 400, 560, 99, 108, 15, 106, 17, 4
logs_frog_010113.png, 200, 500, 95, 110, 17, 104, 19, 4
logs_frog_010114.png, 192, 870, 93, 110, 18, 104, 20, 4
logs_frog_010115.png, 202, 612, 93, 110, 17, 104, 21, 4
logs_frog_010116.png, 2, 874, 93, 112, 17, 102, 21, 4
logs_frog_010117.png, 2, 760, 93, 112, 17, 102, 21, 4
logs_frog_010118.png, 97, 874, 93, 110, 18, 104, 20, 4
logs_frog_010119.png, 303, 116, 95, 110, 17, 104, 19, 4
logs_frog_010120.png, 519, 224, 97, 108, 16, 106, 18, 4
logs_frog_010121.png, 392, 450, 99, 108, 15, 106, 17, 4
logs_frog_010122.png, 541, 2, 99, 108, 15, 106, 17, 4
logs_frog_010123.png, 297, 582, 101, 108, 15, 106, 15, 4
logs_frog_010124.png, 495, 114, 99, 108, 15, 106, 17, 4
logs_frog_010125.png, 224, 246, 95, 110, 17, 104, 19, 4
logs_frog_010126.png, 446, 2, 93, 110, 18, 104, 20, 4
logs_frog_010127.png, 400, 114, 93, 110, 17, 104, 21, 4
logs_frog_010128.png, 2, 874, 93, 112, 17, 102, 21, 4
logs_frog_010129.png, 2, 760, 93, 112, 17, 102, 21, 4
logs_frog_010130.png, 198, 388, 95, 110, 16, 104, 20, 4
logs_frog_010131.png, 695, 220, 95, 108, 17, 106, 19, 4
logs_frog_010132.png, 493, 336, 97, 108, 16, 106, 18, 4
logs_frog_010133.png, 418, 226, 99, 108, 15, 106, 17, 4
logs_frog_010134.png, 392, 340, 99, 108, 15, 106, 17, 4
logs_frog_010135.png, 101, 528, 97, 110, 16, 104, 18, 4
logs_frog_010136.png, 99, 412, 97, 114, 16, 100, 18, 4
logs_frog_010137.png, 2, 530, 97, 114, 16, 100, 18, 4
logs_frog_010138.png, 2, 412, 95, 116, 17, 98, 19, 4
logs_frog_010139.png, 206, 130, 95, 114, 17, 100, 19, 4
logs_frog_010140.png, 127, 272, 95, 114, 17, 100, 19, 4
logs_frog_010141.png, 2, 646, 95, 112, 17, 102, 19, 4
logs_frog_010142.png, 2, 646, 95, 112, 17, 102, 19, 4
logs_frog_010143.png, 2, 646, 95, 112, 17, 102, 19, 4
logs_frog_010144.png, 2, 646, 95, 112, 17, 102, 19, 4
logs_frog_010145.png, 2, 646, 95, 112, 17, 102, 19, 4
logs_frog_010146.png, 2, 646, 95, 112, 17, 102, 19, 4
logs_frog_010147.png, 2, 646, 95, 112, 17, 102, 19, 4
logs_frog_010148.png, 2, 646, 95, 112, 17, 102, 19, 4
logs_frog_010149.png, 2, 646, 95, 112, 17, 102, 19, 4
logs_frog_010150.png, 2, 646, 95, 112, 17, 102, 19, 4
logs_frog_010151.png, 321, 228, 95, 110, 17, 103, 19, 5
logs_frog_010152.png, 2, 142, 95, 138, 14, 59, 22, 21
logs_frog_010153.png, 2, 2, 99, 138, 10, 33, 22, 47
logs_frog_010154.png, 99, 142, 105, 128, 10, 13, 16, 77
logs_frog_010155.png, 226, 2, 121, 112, 0, 16, 10, 90
logs_frog_010156.png, 2, 282, 123, 128, 1, 36, 7, 54
logs_frog_010157.png, 103, 2, 121, 126, 10, 49, 0, 43
logs_frog_010158.png, 99, 646, 101, 110, 12, 78, 18, 30
logs_frog_010159.png, 741, 110, 97, 108, 15, 93, 19, 17
logs_frog_010160.png, 741, 2, 101, 106, 13, 111, 17, 1
logs_frog_010161.png, 844, 2, 97, 108, 16, 107, 18, 3
logs_frog_010162.png, 321, 228, 95, 110, 17, 103, 19, 5
logs_frog_010163.png, 840, 112, 97, 106, 17, 108, 17, 4
logs_frog_010164.png, 792, 220, 95, 108, 17, 106, 19, 4
logs_frog_010165.png, 889, 220, 93, 108, 18, 106, 20, 4
logs_frog_010166.png, 297, 470, 93, 110, 17, 104, 21, 4
logs_frog_010167.png, 287, 836, 93, 110, 17, 104, 21, 4
logs_frog_010168.png, 97, 760, 93, 112, 17, 102, 21, 4
logs_frog_010169.png, 287, 724, 93, 110, 17, 104, 21, 4
logs_frog_010170.png, 295, 358, 95, 110, 17, 104, 19, 4
logs_frog_010171.png, 493, 446, 97, 108, 16, 106, 18, 4
logs_frog_010172.png, 382, 912, 99, 108, 15, 106, 17, 4
logs_frog_010173.png, 382, 802, 99, 108, 15, 106, 17, 4
logs_frog_010174.png, 297, 582, 101, 108, 15, 106, 15, 4
logs_frog_010175.png, 400, 560, 99, 108, 15, 106, 17, 4
logs_frog_010176.png, 200, 500, 95, 110, 17, 104, 19, 4
logs_frog_010177.png, 192, 870, 93, 110, 18, 104, 20, 4
logs_frog_010178.png, 202, 612, 93, 110, 17, 104, 21, 4
logs_frog_010179.png, 2, 874, 93, 112, 17, 102, 21, 4
logs_frog_010180.png, 2, 760, 93, 112, 17, 102, 21, 4
logs_frog_010181.png, 192, 758, 93, 110, 17, 104, 21, 4
logs_frog_010182.png, 349, 2, 95, 110, 16, 104, 20, 4
logs_frog_010183.png, 642, 2, 97, 108, 15, 106, 19, 4
logs_frog_010184.png, 596, 112, 97, 108, 16, 106, 18, 4
logs_frog_010185.png, 382, 692, 99, 108, 15, 106, 17, 4
logs_frog_010186.png, 297, 582, 101, 108, 15, 106, 15, 4
logs_frog_010187.png, 400, 560, 99, 108, 15, 106, 17, 4
logs_frog_010188.png, 200, 500, 95, 110, 17, 104, 19, 4
logs_frog_010189.png, 192, 870, 93, 110, 18, 104, 20, 4
logs_frog_010190.png, 202, 612, 93, 110, 17, 104, 21, 4
logs_frog_010191.png, 2, 874, 93, 112, 17, 102, 21, 4
logs_frog_010192.png, 2, 760, 93, 112, 17, 102, 21, 4
logs_frog_010193.png, 97, 874, 93, 110, 18, 104, 20, 4
logs_frog_010194.png, 303, 116, 95, 110, 17, 104, 19, 4
logs_frog_010195.png, 519, 224, 97, 108, 16, 106, 18, 4
logs_frog_010196.png, 392, 450, 99, 108, 15, 106, 17, 4
logs_frog_010197.png, 541, 2, 99, 108, 15, 106, 17, 4
logs_frog_010198.png, 297, 582, 101, 108, 15, 106, 15, 4
logs_frog_010199.png, 495, 114, 99, 108, 15, 106, 17, 4
logs_frog_010200.png, 224, 246, 95, 110, 17, 104, 19, 4
