fruit-frog0080.png, 378, 224, 186, 218, 38, 32, 56, 30
fruit-frog0081.png, 378, 224, 186, 218, 38, 32, 56, 30
fruit-frog0082.png, 378, 224, 186, 218, 38, 32, 56, 30
fruit-frog0083.png, 378, 224, 186, 218, 38, 32, 56, 30
fruit-frog0084.png, 378, 224, 186, 218, 38, 32, 56, 30
fruit-frog0085.png, 378, 224, 186, 218, 38, 32, 56, 30
fruit-frog0086.png, 378, 224, 186, 218, 38, 32, 56, 30
fruit-frog0087.png, 378, 224, 186, 218, 38, 32, 56, 30
fruit-frog0088.png, 378, 224, 186, 218, 38, 32, 56, 30
fruit-frog0089.png, 378, 224, 186, 218, 38, 32, 56, 30
fruit-frog0090.png, 378, 224, 186, 218, 38, 32, 56, 30
fruit-frog0091.png, 378, 224, 186, 218, 38, 32, 56, 30
fruit-frog0092.png, 378, 224, 186, 218, 38, 32, 56, 30
fruit-frog0093.png, 378, 224, 186, 218, 38, 32, 56, 30
fruit-frog0094.png, 378, 224, 186, 218, 38, 32, 56, 30
fruit-frog0095.png, 378, 224, 186, 218, 38, 32, 56, 30
fruit-frog0096.png, 378, 224, 186, 218, 38, 32, 56, 30
fruit-frog0097.png, 378, 224, 186, 218, 38, 32, 56, 30
fruit-frog0098.png, 566, 442, 186, 216, 39, 33, 55, 31
fruit-frog0099.png, 190, 444, 186, 214, 41, 35, 53, 31
fruit-frog0100.png, 378, 658, 186, 212, 42, 37, 52, 31
fruit-frog0101.png, 2, 444, 186, 214, 41, 35, 53, 31
fruit-frog0102.png, 190, 226, 186, 216, 39, 34, 55, 30
fruit-frog0103.png, 754, 222, 186, 218, 38, 33, 56, 29
fruit-frog0104.png, 566, 2, 186, 220, 37, 31, 57, 29
fruit-frog0105.png, 190, 2, 186, 222, 37, 29, 57, 29
fruit-frog0106.png, 566, 660, 184, 224, 38, 27, 58, 29
fruit-frog0107.png, 2, 660, 184, 222, 38, 29, 58, 29
fruit-frog0108.png, 374, 872, 184, 220, 37, 31, 59, 29
fruit-frog0109.png, 188, 882, 184, 218, 37, 33, 59, 29
fruit-frog0110.png, 188, 882, 184, 218, 37, 33, 59, 29
fruit-frog0111.png, 188, 882, 184, 218, 37, 33, 59, 29
fruit-frog0112.png, 188, 882, 184, 218, 37, 33, 59, 29
fruit-frog0113.png, 188, 882, 184, 218, 37, 33, 59, 29
fruit-frog0114.png, 188, 882, 184, 218, 37, 33, 59, 29
fruit-frog0115.png, 188, 882, 184, 218, 37, 33, 59, 29
fruit-frog0116.png, 188, 882, 184, 218, 37, 33, 59, 29
fruit-frog0117.png, 188, 882, 184, 218, 37, 33, 59, 29
fruit-frog0118.png, 188, 882, 184, 218, 37, 33, 59, 29
fruit-frog0119.png, 188, 882, 184, 218, 37, 33, 59, 29
fruit-frog0120.png, 188, 882, 184, 218, 37, 33, 59, 29
fruit-frog0121.png, 188, 882, 184, 218, 37, 33, 59, 29
fruit-frog0122.png, 188, 882, 184, 218, 37, 33, 59, 29
fruit-frog0123.png, 188, 882, 184, 218, 37, 33, 59, 29
fruit-frog0124.png, 188, 882, 184, 218, 37, 33, 59, 29
fruit-frog0125.png, 188, 882, 184, 218, 37, 33, 59, 29
fruit-frog0126.png, 188, 882, 184, 218, 37, 33, 59, 29
fruit-frog0127.png, 188, 882, 184, 218, 37, 33, 59, 29
fruit-frog0128.png, 188, 882, 184, 218, 37, 33, 59, 29
fruit-frog0129.png, 188, 882, 184, 218, 37, 33, 59, 29
fruit-frog0130.png, 188, 882, 184, 218, 37, 33, 59, 29
fruit-frog0131.png, 188, 882, 184, 218, 37, 33, 59, 29
fruit-frog0132.png, 188, 882, 184, 218, 37, 33, 59, 29
fruit-frog0133.png, 188, 882, 184, 218, 37, 33, 59, 29
fruit-frog0134.png, 188, 882, 184, 218, 37, 33, 59, 29
fruit-frog0135.png, 188, 882, 184, 218, 37, 33, 59, 29
fruit-frog0136.png, 188, 882, 184, 218, 37, 33, 59, 29
fruit-frog0137.png, 188, 882, 184, 218, 37, 33, 59, 29
fruit-frog0138.png, 188, 882, 184, 218, 37, 33, 59, 29
fruit-frog0139.png, 188, 882, 184, 218, 37, 33, 59, 29
fruit-frog0140.png, 188, 882, 184, 218, 37, 33, 59, 29
fruit-frog0141.png, 188, 882, 184, 218, 37, 33, 59, 29
fruit-frog0142.png, 188, 882, 184, 218, 37, 33, 59, 29
fruit-frog0143.png, 188, 882, 184, 218, 37, 33, 59, 29
fruit-frog0144.png, 188, 882, 184, 218, 37, 33, 59, 29
fruit-frog0145.png, 188, 882, 184, 218, 37, 33, 59, 29
fruit-frog0146.png, 188, 882, 184, 218, 37, 33, 59, 29
fruit-frog0147.png, 188, 882, 184, 218, 37, 33, 59, 29
fruit-frog0148.png, 188, 882, 184, 218, 37, 33, 59, 29
fruit-frog0149.png, 188, 882, 184, 218, 37, 33, 59, 29
fruit-frog0150.png, 188, 882, 184, 218, 37, 33, 59, 29
fruit-frog0151.png, 188, 882, 184, 218, 37, 33, 59, 29
fruit-frog0152.png, 188, 882, 184, 218, 37, 33, 59, 29
fruit-frog0153.png, 188, 882, 184, 218, 37, 33, 59, 29
fruit-frog0154.png, 188, 882, 184, 218, 37, 33, 59, 29
fruit-frog0155.png, 188, 882, 184, 218, 37, 33, 59, 29
fruit-frog0156.png, 188, 882, 184, 218, 37, 33, 59, 29
fruit-frog0157.png, 188, 882, 184, 218, 37, 33, 59, 29
fruit-frog0158.png, 188, 882, 184, 218, 37, 33, 59, 29
fruit-frog0159.png, 188, 882, 184, 218, 37, 33, 59, 29
fruit-frog0160.png, 188, 882, 184, 218, 37, 33, 59, 29
fruit-frog0161.png, 188, 882, 184, 218, 37, 33, 59, 29
fruit-frog0162.png, 188, 882, 184, 218, 37, 33, 59, 29
fruit-frog0163.png, 188, 882, 184, 218, 37, 33, 59, 29
fruit-frog0164.png, 188, 882, 184, 218, 37, 33, 59, 29
fruit-frog0165.png, 188, 882, 184, 218, 37, 33, 59, 29
fruit-frog0166.png, 188, 660, 184, 220, 37, 31, 59, 29
fruit-frog0167.png, 752, 874, 184, 222, 38, 29, 58, 29
fruit-frog0168.png, 566, 660, 184, 224, 38, 27, 58, 29
fruit-frog0169.png, 2, 2, 186, 222, 37, 29, 57, 29
fruit-frog0170.png, 378, 2, 186, 220, 37, 31, 57, 29
fruit-frog0171.png, 754, 2, 186, 218, 38, 33, 56, 29
fruit-frog0172.png, 2, 226, 186, 216, 39, 34, 55, 30
fruit-frog0173.png, 754, 658, 186, 214, 41, 35, 53, 31
fruit-frog0174.png, 378, 444, 186, 212, 42, 37, 52, 31
fruit-frog0175.png, 754, 442, 186, 214, 41, 35, 53, 31
fruit-frog0176.png, 566, 224, 186, 216, 39, 33, 55, 31
fruit-frog0177.png, 378, 224, 186, 218, 38, 32, 56, 30
fruit-frog0178.png, 378, 224, 186, 218, 38, 32, 56, 30
fruit-frog0179.png, 378, 224, 186, 218, 38, 32, 56, 30
fruit-frog0180.png, 378, 224, 186, 218, 38, 32, 56, 30
fruit-frog0181.png, 378, 224, 186, 218, 38, 32, 56, 30
fruit-frog0182.png, 378, 224, 186, 218, 38, 32, 56, 30
fruit-frog0183.png, 378, 224, 186, 218, 38, 32, 56, 30
fruit-frog0184.png, 378, 224, 186, 218, 38, 32, 56, 30
fruit-frog0185.png, 378, 224, 186, 218, 38, 32, 56, 30
fruit-frog0186.png, 378, 224, 186, 218, 38, 32, 56, 30
fruit-frog0187.png, 378, 224, 186, 218, 38, 32, 56, 30
fruit-frog0188.png, 378, 224, 186, 218, 38, 32, 56, 30
fruit-frog0189.png, 378, 224, 186, 218, 38, 32, 56, 30
fruit-frog0190.png, 378, 224, 186, 218, 38, 32, 56, 30
fruit-frog0191.png, 378, 224, 186, 218, 38, 32, 56, 30
fruit-frog0192.png, 378, 224, 186, 218, 38, 32, 56, 30
fruit-frog0193.png, 378, 224, 186, 218, 38, 32, 56, 30
fruit-frog0194.png, 378, 224, 186, 218, 38, 32, 56, 30
fruit-frog0195.png, 378, 224, 186, 218, 38, 32, 56, 30
fruit-frog0196.png, 378, 224, 186, 218, 38, 32, 56, 30
fruit-frog0197.png, 378, 224, 186, 218, 38, 32, 56, 30
