pink-frog-eyes0001.png, 122, 455, 120, 89, 174, 105, 186, 269
pink-frog-eyes0002.png, 122, 455, 120, 89, 174, 105, 186, 269
pink-frog-eyes0003.png, 122, 455, 120, 89, 174, 105, 186, 269
pink-frog-eyes0004.png, 122, 455, 120, 89, 174, 105, 186, 269
pink-frog-eyes0005.png, 122, 455, 120, 89, 174, 105, 186, 269
pink-frog-eyes0006.png, 122, 455, 120, 89, 174, 105, 186, 269
pink-frog-eyes0007.png, 122, 455, 120, 89, 174, 105, 186, 269
pink-frog-eyes0008.png, 122, 455, 120, 89, 174, 105, 186, 269
pink-frog-eyes0009.png, 122, 455, 120, 89, 174, 105, 186, 269
pink-frog-eyes0010.png, 0, 546, 120, 89, 174, 105, 186, 269
pink-frog-eyes0011.png, 0, 455, 120, 89, 174, 105, 186, 269
pink-frog-eyes0012.png, 122, 546, 120, 89, 174, 105, 186, 269
pink-frog-eyes0013.png, 122, 364, 120, 89, 174, 105, 186, 269
pink-frog-eyes0014.png, 0, 637, 120, 89, 174, 105, 186, 269
pink-frog-eyes0015.png, 0, 637, 120, 89, 174, 105, 186, 269
pink-frog-eyes0016.png, 0, 811, 126, 81, 173, 113, 181, 269
pink-frog-eyes0017.png, 0, 894, 128, 81, 172, 113, 180, 269
pink-frog-eyes0018.png, 0, 811, 126, 81, 173, 113, 181, 269
pink-frog-eyes0019.png, 122, 637, 120, 89, 174, 105, 186, 269
pink-frog-eyes0020.png, 0, 811, 126, 81, 173, 113, 181, 269
pink-frog-eyes0021.png, 0, 894, 128, 81, 172, 113, 180, 269
pink-frog-eyes0022.png, 0, 811, 126, 81, 173, 113, 181, 269
pink-frog-eyes0023.png, 0, 637, 120, 89, 174, 105, 186, 269
pink-frog-eyes0024.png, 0, 637, 120, 89, 174, 105, 186, 269
pink-frog-eyes0025.png, 0, 637, 120, 89, 174, 105, 186, 269
pink-frog-eyes0026.png, 0, 637, 120, 89, 174, 105, 186, 269
pink-frog-eyes0027.png, 0, 637, 120, 89, 174, 105, 186, 269
pink-frog-eyes0028.png, 0, 637, 120, 89, 174, 105, 186, 269
pink-frog-eyes0029.png, 0, 637, 120, 89, 174, 105, 186, 269
pink-frog-eyes0030.png, 0, 637, 120, 89, 174, 105, 186, 269
pink-frog-eyes0031.png, 0, 637, 120, 89, 174, 105, 186, 269
pink-frog-eyes0032.png, 0, 637, 120, 89, 174, 105, 186, 269
pink-frog-eyes0033.png, 0, 637, 120, 89, 174, 105, 186, 269
pink-frog-eyes0034.png, 0, 637, 120, 89, 174, 105, 186, 269
pink-frog-eyes0035.png, 0, 637, 120, 89, 174, 105, 186, 269
pink-frog-eyes0036.png, 0, 637, 120, 89, 174, 105, 186, 269
pink-frog-eyes0037.png, 0, 637, 120, 89, 174, 105, 186, 269
pink-frog-eyes0038.png, 0, 637, 120, 89, 174, 105, 186, 269
pink-frog-eyes0039.png, 0, 637, 120, 89, 174, 105, 186, 269
pink-frog-eyes0040.png, 0, 637, 120, 89, 174, 105, 186, 269
pink-frog-eyes0041.png, 0, 637, 120, 89, 174, 105, 186, 269
pink-frog-eyes0042.png, 0, 637, 120, 89, 174, 105, 186, 269
pink-frog-eyes0043.png, 0, 637, 120, 89, 174, 105, 186, 269
pink-frog-eyes0044.png, 0, 637, 120, 89, 174, 105, 186, 269
pink-frog-eyes0045.png, 0, 637, 120, 89, 174, 105, 186, 269
pink-frog-eyes0046.png, 0, 637, 120, 89, 174, 105, 186, 269
pink-frog-eyes0047.png, 0, 637, 120, 89, 174, 105, 186, 269
pink-frog-eyes0048.png, 0, 637, 120, 89, 174, 105, 186, 269
pink-frog-eyes0049.png, 0, 637, 120, 89, 174, 105, 186, 269
pink-frog-eyes0050.png, 0, 637, 120, 89, 174, 105, 186, 269
pink-frog-eyes0051.png, 0, 637, 120, 89, 174, 105, 186, 269
pink-frog-eyes0052.png, 0, 637, 120, 89, 174, 105, 186, 269
pink-frog-eyes0053.png, 0, 637, 120, 89, 174, 105, 186, 269
pink-frog-eyes0054.png, 0, 637, 120, 89, 174, 105, 186, 269
pink-frog-eyes0055.png, 0, 637, 120, 89, 174, 105, 186, 269
pink-frog-eyes0056.png, 0, 637, 120, 89, 174, 105, 186, 269
pink-frog-eyes0057.png, 0, 637, 120, 89, 174, 105, 186, 269
pink-frog-eyes0058.png, 0, 637, 120, 89, 174, 105, 186, 269
pink-frog-eyes0059.png, 0, 637, 120, 89, 174, 105, 186, 269
pink-frog-eyes0060.png, 0, 637, 120, 89, 174, 105, 186, 269
pink-frog-eyes0061.png, 0, 637, 120, 89, 174, 105, 186, 269
pink-frog-eyes0062.png, 0, 637, 120, 89, 174, 105, 186, 269
pink-frog-eyes0063.png, 0, 637, 120, 89, 174, 105, 186, 269
pink-frog-eyes0064.png, 0, 637, 120, 89, 174, 105, 186, 269
pink-frog-eyes0065.png, 0, 637, 120, 89, 174, 105, 186, 269
pink-frog-eyes0066.png, 0, 637, 120, 89, 174, 105, 186, 269
pink-frog-eyes0067.png, 0, 637, 120, 89, 174, 105, 186, 269
pink-frog-eyes0068.png, 0, 637, 120, 89, 174, 105, 186, 269
pink-frog-eyes0069.png, 0, 637, 120, 89, 174, 105, 186, 269
pink-frog-eyes0070.png, 0, 637, 120, 89, 174, 105, 186, 269
pink-frog-eyes0071.png, 0, 637, 120, 89, 174, 105, 186, 269
pink-frog-eyes0072.png, 0, 637, 120, 89, 174, 105, 186, 269
pink-frog-eyes0073.png, 0, 637, 120, 89, 174, 105, 186, 269
pink-frog-eyes0074.png, 0, 637, 120, 89, 174, 105, 186, 269
pink-frog-eyes0075.png, 0, 637, 120, 89, 174, 105, 186, 269
pink-frog-eyes0076.png, 0, 637, 120, 89, 174, 105, 186, 269
pink-frog-eyes0077.png, 0, 637, 120, 89, 174, 105, 186, 269
pink-frog-eyes0078.png, 0, 637, 120, 89, 174, 105, 186, 269
pink-frog-eyes0079.png, 0, 637, 120, 89, 174, 105, 186, 269
pink-frog-eyes0080.png, 0, 637, 120, 89, 174, 105, 186, 269
pink-frog-eyes0081.png, 0, 637, 120, 89, 174, 105, 186, 269
pink-frog-eyes0082.png, 0, 637, 120, 89, 174, 105, 186, 269
pink-frog-eyes0083.png, 0, 91, 120, 89, 174, 105, 186, 269
pink-frog-eyes0084.png, 0, 364, 120, 89, 174, 105, 186, 269
pink-frog-eyes0085.png, 0, 0, 120, 89, 174, 105, 186, 269
pink-frog-eyes0086.png, 122, 0, 120, 89, 174, 105, 186, 269
pink-frog-eyes0087.png, 122, 91, 120, 89, 174, 105, 186, 269
pink-frog-eyes0088.png, 122, 91, 120, 89, 174, 105, 186, 269
pink-frog-eyes0089.png, 122, 91, 120, 89, 174, 105, 186, 269
pink-frog-eyes0090.png, 122, 91, 120, 89, 174, 105, 186, 269
pink-frog-eyes0091.png, 122, 91, 120, 89, 174, 105, 186, 269
pink-frog-eyes0092.png, 122, 91, 120, 89, 174, 105, 186, 269
pink-frog-eyes0093.png, 122, 91, 120, 89, 174, 105, 186, 269
pink-frog-eyes0094.png, 122, 91, 120, 89, 174, 105, 186, 269
pink-frog-eyes0095.png, 122, 91, 120, 89, 174, 105, 186, 269
pink-frog-eyes0096.png, 122, 91, 120, 89, 174, 105, 186, 269
pink-frog-eyes0097.png, 122, 91, 120, 89, 174, 105, 186, 269
pink-frog-eyes0098.png, 122, 91, 120, 89, 174, 105, 186, 269
pink-frog-eyes0099.png, 122, 91, 120, 89, 174, 105, 186, 269
pink-frog-eyes0100.png, 122, 91, 120, 89, 174, 105, 186, 269
pink-frog-eyes0101.png, 122, 91, 120, 89, 174, 105, 186, 269
pink-frog-eyes0102.png, 122, 91, 120, 89, 174, 105, 186, 269
pink-frog-eyes0103.png, 122, 91, 120, 89, 174, 105, 186, 269
pink-frog-eyes0104.png, 122, 91, 120, 89, 174, 105, 186, 269
pink-frog-eyes0105.png, 122, 91, 120, 89, 174, 105, 186, 269
pink-frog-eyes0106.png, 122, 91, 120, 89, 174, 105, 186, 269
pink-frog-eyes0107.png, 122, 91, 120, 89, 174, 105, 186, 269
pink-frog-eyes0108.png, 122, 91, 120, 89, 174, 105, 186, 269
pink-frog-eyes0109.png, 122, 91, 120, 89, 174, 105, 186, 269
pink-frog-eyes0110.png, 122, 91, 120, 89, 174, 105, 186, 269
pink-frog-eyes0111.png, 122, 91, 120, 89, 174, 105, 186, 269
pink-frog-eyes0112.png, 122, 91, 120, 89, 174, 105, 186, 269
pink-frog-eyes0113.png, 122, 91, 120, 89, 174, 105, 186, 269
pink-frog-eyes0114.png, 128, 811, 126, 81, 173, 113, 181, 269
pink-frog-eyes0115.png, 0, 894, 128, 81, 172, 113, 180, 269
pink-frog-eyes0116.png, 128, 811, 126, 81, 173, 113, 181, 269
pink-frog-eyes0117.png, 122, 91, 120, 89, 174, 105, 186, 269
pink-frog-eyes0118.png, 122, 91, 120, 89, 174, 105, 186, 269
pink-frog-eyes0119.png, 122, 91, 120, 89, 174, 105, 186, 269
pink-frog-eyes0120.png, 122, 91, 120, 89, 174, 105, 186, 269
pink-frog-eyes0121.png, 122, 91, 120, 89, 174, 105, 186, 269
pink-frog-eyes0122.png, 122, 91, 120, 89, 174, 105, 186, 269
pink-frog-eyes0123.png, 122, 91, 120, 89, 174, 105, 186, 269
pink-frog-eyes0124.png, 122, 91, 120, 89, 174, 105, 186, 269
pink-frog-eyes0125.png, 122, 91, 120, 89, 174, 105, 186, 269
pink-frog-eyes0126.png, 122, 91, 120, 89, 174, 105, 186, 269
pink-frog-eyes0127.png, 122, 91, 120, 89, 174, 105, 186, 269
pink-frog-eyes0128.png, 122, 91, 120, 89, 174, 105, 186, 269
pink-frog-eyes0129.png, 122, 91, 120, 89, 174, 105, 186, 269
pink-frog-eyes0130.png, 122, 91, 120, 89, 174, 105, 186, 269
pink-frog-eyes0131.png, 122, 91, 120, 89, 174, 105, 186, 269
pink-frog-eyes0132.png, 122, 91, 120, 89, 174, 105, 186, 269
pink-frog-eyes0133.png, 122, 91, 120, 89, 174, 105, 186, 269
pink-frog-eyes0134.png, 122, 91, 120, 89, 174, 105, 186, 269
pink-frog-eyes0135.png, 0, 182, 120, 89, 174, 105, 186, 269
pink-frog-eyes0136.png, 0, 273, 120, 89, 174, 105, 186, 269
pink-frog-eyes0137.png, 122, 273, 120, 89, 174, 105, 186, 269
pink-frog-eyes0138.png, 122, 182, 120, 89, 174, 105, 186, 269
pink-frog-eyes0139.png, 122, 182, 120, 89, 174, 105, 186, 269
pink-frog-eyes0140.png, 122, 182, 120, 89, 174, 105, 186, 269
pink-frog-eyes0141.png, 122, 182, 120, 89, 174, 105, 186, 269
pink-frog-eyes0142.png, 122, 182, 120, 89, 174, 105, 186, 269
pink-frog-eyes0143.png, 122, 182, 120, 89, 174, 105, 186, 269
pink-frog-eyes0144.png, 122, 182, 120, 89, 174, 105, 186, 269
pink-frog-eyes0145.png, 122, 182, 120, 89, 174, 105, 186, 269
pink-frog-eyes0146.png, 122, 182, 120, 89, 174, 105, 186, 269
pink-frog-eyes0147.png, 122, 182, 120, 89, 174, 105, 186, 269
pink-frog-eyes0148.png, 122, 182, 120, 89, 174, 105, 186, 269
pink-frog-eyes0149.png, 122, 182, 120, 89, 174, 105, 186, 269
pink-frog-eyes0150.png, 122, 182, 120, 89, 174, 105, 186, 269
pink-frog-eyes0151.png, 122, 182, 120, 89, 174, 105, 186, 269
pink-frog-eyes0152.png, 122, 182, 120, 89, 174, 105, 186, 269
pink-frog-eyes0153.png, 0, 728, 126, 81, 173, 113, 181, 269
pink-frog-eyes0154.png, 0, 894, 128, 81, 172, 113, 180, 269
pink-frog-eyes0155.png, 0, 728, 126, 81, 173, 113, 181, 269
pink-frog-eyes0156.png, 122, 182, 120, 89, 174, 105, 186, 269
pink-frog-eyes0157.png, 122, 182, 120, 89, 174, 105, 186, 269
pink-frog-eyes0158.png, 122, 182, 120, 89, 174, 105, 186, 269
pink-frog-eyes0159.png, 122, 182, 120, 89, 174, 105, 186, 269
pink-frog-eyes0160.png, 122, 182, 120, 89, 174, 105, 186, 269
pink-frog-eyes0161.png, 122, 182, 120, 89, 174, 105, 186, 269
pink-frog-eyes0162.png, 122, 182, 120, 89, 174, 105, 186, 269
pink-frog-eyes0163.png, 122, 182, 120, 89, 174, 105, 186, 269
pink-frog-eyes0164.png, 122, 182, 120, 89, 174, 105, 186, 269
pink-frog-eyes0165.png, 122, 182, 120, 89, 174, 105, 186, 269
pink-frog-eyes0166.png, 122, 182, 120, 89, 174, 105, 186, 269
pink-frog-eyes0167.png, 122, 182, 120, 89, 174, 105, 186, 269
pink-frog-eyes0168.png, 122, 182, 120, 89, 174, 105, 186, 269
pink-frog-eyes0169.png, 122, 182, 120, 89, 174, 105, 186, 269
pink-frog-eyes0170.png, 122, 182, 120, 89, 174, 105, 186, 269
pink-frog-eyes0171.png, 122, 182, 120, 89, 174, 105, 186, 269
pink-frog-eyes0172.png, 122, 182, 120, 89, 174, 105, 186, 269
pink-frog-eyes0173.png, 122, 182, 120, 89, 174, 105, 186, 269
pink-frog-eyes0174.png, 122, 182, 120, 89, 174, 105, 186, 269
pink-frog-eyes0175.png, 122, 182, 120, 89, 174, 105, 186, 269
pink-frog-eyes0176.png, 122, 182, 120, 89, 174, 105, 186, 269
pink-frog-eyes0177.png, 122, 182, 120, 89, 174, 105, 186, 269
pink-frog-eyes0178.png, 122, 182, 120, 89, 174, 105, 186, 269
pink-frog-eyes0179.png, 122, 182, 120, 89, 174, 105, 186, 269
pink-frog-eyes0180.png, 122, 182, 120, 89, 174, 105, 186, 269
pink-frog-eyes0181.png, 122, 182, 120, 89, 174, 105, 186, 269
pink-frog-eyes0182.png, 122, 182, 120, 89, 174, 105, 186, 269
pink-frog-eyes0183.png, 122, 182, 120, 89, 174, 105, 186, 269
pink-frog-eyes0184.png, 122, 182, 120, 89, 174, 105, 186, 269
pink-frog-eyes0185.png, 122, 182, 120, 89, 174, 105, 186, 269
pink-frog-eyes0186.png, 122, 182, 120, 89, 174, 105, 186, 269
pink-frog-eyes0187.png, 122, 182, 120, 89, 174, 105, 186, 269
pink-frog-eyes0188.png, 122, 182, 120, 89, 174, 105, 186, 269
pink-frog-eyes0189.png, 122, 182, 120, 89, 174, 105, 186, 269
pink-frog-eyes0190.png, 122, 182, 120, 89, 174, 105, 186, 269
pink-frog-eyes0191.png, 122, 182, 120, 89, 174, 105, 186, 269
pink-frog-eyes0192.png, 122, 182, 120, 89, 174, 105, 186, 269
pink-frog-eyes0193.png, 122, 182, 120, 89, 174, 105, 186, 269
pink-frog-eyes0194.png, 122, 182, 120, 89, 174, 105, 186, 269
pink-frog-eyes0195.png, 122, 182, 120, 89, 174, 105, 186, 269
pink-frog-eyes0196.png, 122, 182, 120, 89, 174, 105, 186, 269
pink-frog-eyes0197.png, 122, 182, 120, 89, 174, 105, 186, 269
pink-frog-eyes0198.png, 122, 182, 120, 89, 174, 105, 186, 269
pink-frog-eyes0199.png, 0, 728, 126, 81, 173, 113, 181, 269
pink-frog-eyes0200.png, 0, 894, 128, 81, 172, 113, 180, 269
pink-frog-eyes0201.png, 0, 894, 128, 81, 172, 113, 180, 269
pink-frog-eyes0202.png, 0, 894, 128, 81, 172, 113, 180, 269
pink-frog-eyes0203.png, 0, 894, 128, 81, 172, 113, 180, 269
pink-frog-eyes0204.png, 0, 894, 128, 81, 172, 113, 180, 269
pink-frog-eyes0205.png, 0, 894, 128, 81, 172, 113, 180, 269
pink-frog-eyes0206.png, 0, 894, 128, 81, 172, 113, 180, 269
pink-frog-eyes0207.png, 0, 894, 128, 81, 172, 113, 180, 269
pink-frog-eyes0208.png, 0, 894, 128, 81, 172, 113, 180, 269
pink-frog-eyes0209.png, 0, 894, 128, 81, 172, 113, 180, 269
pink-frog-eyes0210.png, 0, 894, 128, 81, 172, 113, 180, 269
pink-frog-eyes0211.png, 0, 894, 128, 81, 172, 113, 180, 269
pink-frog-eyes0212.png, 0, 894, 128, 81, 172, 113, 180, 269
pink-frog-eyes0213.png, 0, 894, 128, 81, 172, 113, 180, 269
pink-frog-eyes0214.png, 0, 894, 128, 81, 172, 113, 180, 269
pink-frog-eyes0215.png, 0, 894, 128, 81, 172, 113, 180, 269
pink-frog-eyes0216.png, 0, 894, 128, 81, 172, 113, 180, 269
pink-frog-eyes0217.png, 0, 894, 128, 81, 172, 113, 180, 269
pink-frog-eyes0218.png, 0, 894, 128, 81, 172, 113, 180, 269
pink-frog-eyes0219.png, 0, 894, 128, 81, 172, 113, 180, 269
pink-frog-eyes0220.png, 0, 894, 128, 81, 172, 113, 180, 269
pink-frog-eyes0221.png, 0, 894, 128, 81, 172, 113, 180, 269
pink-frog-eyes0222.png, 0, 894, 128, 81, 172, 113, 180, 269
pink-frog-eyes0223.png, 0, 894, 128, 81, 172, 113, 180, 269
pink-frog-eyes0224.png, 0, 894, 128, 81, 172, 113, 180, 269
pink-frog-eyes0225.png, 0, 894, 128, 81, 172, 113, 180, 269
pink-frog-eyes0226.png, 0, 894, 128, 81, 172, 113, 180, 269
pink-frog-eyes0227.png, 0, 894, 128, 81, 172, 113, 180, 269
pink-frog-eyes0228.png, 0, 894, 128, 81, 172, 113, 180, 269
pink-frog-eyes0229.png, 0, 894, 128, 81, 172, 113, 180, 269
pink-frog-eyes0230.png, 0, 894, 128, 81, 172, 113, 180, 269
pink-frog-eyes0231.png, 0, 894, 128, 81, 172, 113, 180, 269
pink-frog-eyes0232.png, 0, 894, 128, 81, 172, 113, 180, 269
pink-frog-eyes0233.png, 0, 894, 128, 81, 172, 113, 180, 269
pink-frog-eyes0234.png, 0, 894, 128, 81, 172, 113, 180, 269
pink-frog-eyes0235.png, 0, 894, 128, 81, 172, 113, 180, 269
pink-frog-eyes0236.png, 0, 894, 128, 81, 172, 113, 180, 269
pink-frog-eyes0237.png, 128, 728, 126, 81, 173, 113, 181, 269
pink-frog-eyes0238.png, 122, 455, 120, 89, 174, 105, 186, 269
pink-frog-eyes0239.png, 122, 455, 120, 89, 174, 105, 186, 269
pink-frog-eyes0240.png, 122, 455, 120, 89, 174, 105, 186, 269
pink-frog-eyes0241.png, 122, 455, 120, 89, 174, 105, 186, 269
pink-frog-eyes0242.png, 122, 455, 120, 89, 174, 105, 186, 269
pink-frog-eyes0243.png, 122, 455, 120, 89, 174, 105, 186, 269
pink-frog-eyes0244.png, 122, 455, 120, 89, 174, 105, 186, 269
pink-frog-eyes0245.png, 122, 455, 120, 89, 174, 105, 186, 269
pink-frog-eyes0246.png, 122, 455, 120, 89, 174, 105, 186, 269
pink-frog-eyes0247.png, 122, 455, 120, 89, 174, 105, 186, 269
pink-frog-eyes0248.png, 122, 455, 120, 89, 174, 105, 186, 269
pink-frog-eyes0249.png, 122, 455, 120, 89, 174, 105, 186, 269
pink-frog-eyes0250.png, 122, 455, 120, 89, 174, 105, 186, 269
pink-frog-eyes0251.png, 122, 455, 120, 89, 174, 105, 186, 269
pink-frog-eyes0252.png, 122, 455, 120, 89, 174, 105, 186, 269
pink-frog-eyes0253.png, 122, 455, 120, 89, 174, 105, 186, 269
pink-frog-eyes0254.png, 122, 455, 120, 89, 174, 105, 186, 269
pink-frog-eyes0255.png, 122, 455, 120, 89, 174, 105, 186, 269
pink-frog-eyes0256.png, 122, 455, 120, 89, 174, 105, 186, 269
pink-frog-eyes0257.png, 122, 455, 120, 89, 174, 105, 186, 269
pink-frog-eyes0258.png, 122, 455, 120, 89, 174, 105, 186, 269
pink-frog-eyes0259.png, 122, 455, 120, 89, 174, 105, 186, 269
pink-frog-eyes0260.png, 122, 455, 120, 89, 174, 105, 186, 269
pink-frog-eyes0261.png, 122, 455, 120, 89, 174, 105, 186, 269
pink-frog-eyes0262.png, 122, 455, 120, 89, 174, 105, 186, 269
pink-frog-eyes0263.png, 122, 455, 120, 89, 174, 105, 186, 269
pink-frog-eyes0264.png, 122, 455, 120, 89, 174, 105, 186, 269
pink-frog-eyes0265.png, 122, 455, 120, 89, 174, 105, 186, 269
pink-frog-eyes0266.png, 122, 455, 120, 89, 174, 105, 186, 269
pink-frog-eyes0267.png, 122, 455, 120, 89, 174, 105, 186, 269
pink-frog-eyes0268.png, 122, 455, 120, 89, 174, 105, 186, 269
pink-frog-eyes0269.png, 122, 455, 120, 89, 174, 105, 186, 269
pink-frog-eyes0270.png, 122, 455, 120, 89, 174, 105, 186, 269
pink-frog-eyes0271.png, 122, 455, 120, 89, 174, 105, 186, 269
pink-frog-eyes0272.png, 122, 455, 120, 89, 174, 105, 186, 269
pink-frog-eyes0273.png, 122, 455, 120, 89, 174, 105, 186, 269
pink-frog-eyes0274.png, 122, 455, 120, 89, 174, 105, 186, 269
pink-frog-eyes0275.png, 122, 455, 120, 89, 174, 105, 186, 269
pink-frog-eyes0276.png, 122, 455, 120, 89, 174, 105, 186, 269
pink-frog-eyes0277.png, 122, 455, 120, 89, 174, 105, 186, 269
pink-frog-eyes0278.png, 122, 455, 120, 89, 174, 105, 186, 269
pink-frog-eyes0279.png, 122, 455, 120, 89, 174, 105, 186, 269
pink-frog-eyes0280.png, 122, 455, 120, 89, 174, 105, 186, 269
pink-frog-eyes0281.png, 122, 455, 120, 89, 174, 105, 186, 269
pink-frog-eyes0282.png, 122, 455, 120, 89, 174, 105, 186, 269
pink-frog-eyes0283.png, 122, 455, 120, 89, 174, 105, 186, 269
pink-frog-eyes0284.png, 122, 455, 120, 89, 174, 105, 186, 269
pink-frog-eyes0285.png, 122, 455, 120, 89, 174, 105, 186, 269
pink-frog-eyes0286.png, 122, 455, 120, 89, 174, 105, 186, 269
pink-frog-eyes0287.png, 122, 455, 120, 89, 174, 105, 186, 269
pink-frog-eyes0288.png, 122, 455, 120, 89, 174, 105, 186, 269
pink-frog-eyes0289.png, 122, 455, 120, 89, 174, 105, 186, 269
pink-frog-eyes0290.png, 122, 455, 120, 89, 174, 105, 186, 269
pink-frog-eyes0291.png, 122, 455, 120, 89, 174, 105, 186, 269
pink-frog-eyes0292.png, 122, 455, 120, 89, 174, 105, 186, 269
pink-frog-eyes0293.png, 122, 455, 120, 89, 174, 105, 186, 269
pink-frog-eyes0294.png, 122, 455, 120, 89, 174, 105, 186, 269
pink-frog-eyes0295.png, 122, 455, 120, 89, 174, 105, 186, 269
pink-frog-eyes0296.png, 122, 455, 120, 89, 174, 105, 186, 269
pink-frog-eyes0297.png, 122, 455, 120, 89, 174, 105, 186, 269
pink-frog-eyes0298.png, 122, 455, 120, 89, 174, 105, 186, 269
pink-frog-eyes0299.png, 122, 455, 120, 89, 174, 105, 186, 269
pink-frog-eyes0300.png, 122, 455, 120, 89, 174, 105, 186, 269
