rank_01_anim0001.png, 2, 2, 216, 243, 68, 76, 108, 56
rank_01_anim0002.png, 220, 2, 216, 247, 68, 72, 108, 56
rank_01_anim0003.png, 438, 2, 216, 251, 68, 68, 108, 56
rank_01_anim0004.png, 656, 2, 216, 257, 68, 62, 108, 56
rank_01_anim0005.png, 874, 2, 216, 261, 68, 58, 108, 56
rank_01_anim0006.png, 1092, 2, 216, 265, 68, 54, 108, 56
rank_01_anim0007.png, 1310, 2, 216, 263, 68, 56, 108, 56
rank_01_anim0008.png, 1528, 2, 216, 259, 68, 60, 108, 56
rank_01_anim0009.png, 1746, 2, 216, 257, 68, 62, 108, 56
rank_01_anim0010.png, 2, 269, 216, 253, 68, 66, 108, 56
rank_01_anim0011.png, 220, 269, 216, 251, 68, 68, 108, 56
rank_01_anim0012.png, 438, 269, 216, 247, 68, 72, 108, 56
rank_01_anim0013.png, 656, 269, 216, 245, 68, 74, 108, 56
rank_01_anim0014.png, 874, 269, 216, 243, 68, 76, 108, 56
rank_01_anim0015.png, 1092, 269, 216, 243, 68, 76, 108, 56
rank_01_anim0016.png, 1092, 269, 216, 243, 68, 76, 108, 56
rank_01_anim0017.png, 1092, 269, 216, 243, 68, 76, 108, 56
rank_01_anim0018.png, 1092, 269, 216, 243, 68, 76, 108, 56
rank_01_anim0019.png, 1092, 269, 216, 243, 68, 76, 108, 56
rank_01_anim0020.png, 1092, 269, 216, 243, 68, 76, 108, 56
rank_01_anim0021.png, 1092, 269, 216, 243, 68, 76, 108, 56
rank_01_anim0022.png, 1092, 269, 216, 243, 68, 76, 108, 56
rank_01_anim0023.png, 1092, 269, 216, 243, 68, 76, 108, 56
rank_01_anim0024.png, 1092, 269, 216, 243, 68, 76, 108, 56
rank_01_anim0025.png, 1092, 269, 216, 243, 68, 76, 108, 56
rank_01_anim0026.png, 1092, 269, 216, 243, 68, 76, 108, 56
rank_01_anim0027.png, 1092, 269, 216, 243, 68, 76, 108, 56
rank_01_anim0028.png, 1092, 269, 216, 243, 68, 76, 108, 56
rank_01_anim0029.png, 1092, 269, 216, 243, 68, 76, 108, 56
rank_01_anim0030.png, 1092, 269, 216, 243, 68, 76, 108, 56
rank_01_anim0031.png, 1092, 269, 216, 243, 68, 76, 108, 56
rank_01_anim0032.png, 1092, 269, 216, 243, 68, 76, 108, 56
rank_01_anim0033.png, 1092, 269, 216, 243, 68, 76, 108, 56
rank_01_anim0034.png, 1092, 269, 216, 243, 68, 76, 108, 56
rank_01_anim0035.png, 1092, 269, 216, 243, 68, 76, 108, 56
rank_01_anim0036.png, 1092, 269, 216, 243, 68, 76, 108, 56
rank_01_anim0037.png, 1092, 269, 216, 243, 68, 76, 108, 56
rank_01_anim0038.png, 1092, 269, 216, 243, 68, 76, 108, 56
rank_01_anim0039.png, 1092, 269, 216, 243, 68, 76, 108, 56
rank_01_anim0040.png, 1092, 269, 216, 243, 68, 76, 108, 56
rank_01_anim0041.png, 1092, 269, 216, 243, 68, 76, 108, 56
rank_01_anim0042.png, 1092, 269, 216, 243, 68, 76, 108, 56
rank_01_anim0043.png, 1092, 269, 216, 243, 68, 76, 108, 56
rank_01_anim0044.png, 1092, 269, 216, 243, 68, 76, 108, 56
rank_01_anim0045.png, 1092, 269, 216, 243, 68, 76, 108, 56
rank_01_anim0046.png, 1092, 269, 216, 243, 68, 76, 108, 56
rank_01_anim0047.png, 1092, 269, 216, 243, 68, 76, 108, 56
rank_01_anim0048.png, 1092, 269, 216, 243, 68, 76, 108, 56
rank_01_anim0049.png, 1092, 269, 216, 243, 68, 76, 108, 56
rank_01_anim0050.png, 2, 2, 216, 243, 68, 76, 108, 56
rank_01_anim0051.png, 220, 2, 216, 247, 68, 72, 108, 56
rank_01_anim0052.png, 438, 2, 216, 251, 68, 68, 108, 56
rank_01_anim0053.png, 656, 2, 216, 257, 68, 62, 108, 56
rank_01_anim0054.png, 874, 2, 216, 261, 68, 58, 108, 56
rank_01_anim0055.png, 1092, 2, 216, 265, 68, 54, 108, 56
rank_01_anim0056.png, 1310, 2, 216, 263, 68, 56, 108, 56
rank_01_anim0057.png, 1528, 2, 216, 259, 68, 60, 108, 56
rank_01_anim0058.png, 1746, 2, 216, 257, 68, 62, 108, 56
rank_01_anim0059.png, 2, 269, 216, 253, 68, 66, 108, 56
rank_01_anim0060.png, 220, 269, 216, 251, 68, 68, 108, 56
rank_01_anim0061.png, 438, 269, 216, 247, 68, 72, 108, 56
rank_01_anim0062.png, 656, 269, 216, 245, 68, 74, 108, 56
rank_01_anim0063.png, 874, 269, 216, 243, 68, 76, 108, 56
rank_01_anim0064.png, 1092, 269, 216, 243, 68, 76, 108, 56
rank_01_anim0065.png, 1092, 269, 216, 243, 68, 76, 108, 56
rank_01_anim0066.png, 1092, 269, 216, 243, 68, 76, 108, 56
rank_01_anim0067.png, 1092, 269, 216, 243, 68, 76, 108, 56
rank_01_anim0068.png, 1092, 269, 216, 243, 68, 76, 108, 56
rank_01_anim0069.png, 1092, 269, 216, 243, 68, 76, 108, 56
rank_01_anim0070.png, 1092, 269, 216, 243, 68, 76, 108, 56
rank_01_anim0071.png, 1092, 269, 216, 243, 68, 76, 108, 56
rank_01_anim0072.png, 1092, 269, 216, 243, 68, 76, 108, 56
rank_01_anim0073.png, 1092, 269, 216, 243, 68, 76, 108, 56
rank_01_anim0074.png, 1092, 269, 216, 243, 68, 76, 108, 56
rank_01_anim0075.png, 1092, 269, 216, 243, 68, 76, 108, 56
rank_01_anim0076.png, 1092, 269, 216, 243, 68, 76, 108, 56
rank_01_anim0077.png, 1092, 269, 216, 243, 68, 76, 108, 56
rank_01_anim0078.png, 1092, 269, 216, 243, 68, 76, 108, 56
rank_01_anim0079.png, 1092, 269, 216, 243, 68, 76, 108, 56
rank_01_anim0080.png, 1092, 269, 216, 243, 68, 76, 108, 56
rank_01_anim0081.png, 1092, 269, 216, 243, 68, 76, 108, 56
rank_01_anim0082.png, 1092, 269, 216, 243, 68, 76, 108, 56
rank_01_anim0083.png, 1092, 269, 216, 243, 68, 76, 108, 56
rank_01_anim0084.png, 1092, 269, 216, 243, 68, 76, 108, 56
rank_01_anim0085.png, 1092, 269, 216, 243, 68, 76, 108, 56
rank_01_anim0086.png, 1092, 269, 216, 243, 68, 76, 108, 56
rank_01_anim0087.png, 1092, 269, 216, 243, 68, 76, 108, 56
rank_01_anim0088.png, 1092, 269, 216, 243, 68, 76, 108, 56
rank_01_anim0089.png, 1092, 269, 216, 243, 68, 76, 108, 56
rank_01_anim0090.png, 1092, 269, 216, 243, 68, 76, 108, 56
rank_01_anim0091.png, 1092, 269, 216, 243, 68, 76, 108, 56
rank_01_anim0092.png, 1092, 269, 216, 243, 68, 76, 108, 56
rank_01_anim0093.png, 1092, 269, 216, 243, 68, 76, 108, 56
rank_01_anim0094.png, 1092, 269, 216, 243, 68, 76, 108, 56
rank_01_anim0095.png, 1092, 269, 216, 243, 68, 76, 108, 56
rank_01_anim0096.png, 1092, 269, 216, 243, 68, 76, 108, 56
rank_01_anim0097.png, 1092, 269, 216, 243, 68, 76, 108, 56
rank_01_anim0098.png, 1092, 269, 216, 243, 68, 76, 108, 56
rank_01_anim0099.png, 1092, 269, 216, 243, 68, 76, 108, 56
rank_01_anim0100.png, 1092, 269, 216, 243, 68, 76, 108, 56
rank_01_anim0101.png, 1092, 269, 216, 243, 68, 76, 108, 56
rank_01_anim0102.png, 1092, 269, 216, 243, 68, 76, 108, 56
rank_01_anim0103.png, 1092, 269, 216, 243, 68, 76, 108, 56
rank_01_anim0104.png, 1092, 269, 216, 243, 68, 76, 108, 56
rank_01_anim0105.png, 1092, 269, 216, 243, 68, 76, 108, 56
rank_01_anim0106.png, 1092, 269, 216, 243, 68, 76, 108, 56
rank_01_anim0107.png, 1092, 269, 216, 243, 68, 76, 108, 56
rank_01_anim0108.png, 1092, 269, 216, 243, 68, 76, 108, 56
rank_01_anim0109.png, 1092, 269, 216, 243, 68, 76, 108, 56
rank_01_anim0110.png, 1092, 269, 216, 243, 68, 76, 108, 56
rank_01_anim0111.png, 1092, 269, 216, 243, 68, 76, 108, 56
rank_01_anim0112.png, 1092, 269, 216, 243, 68, 76, 108, 56
rank_01_anim0113.png, 1092, 269, 216, 243, 68, 76, 108, 56
rank_01_anim0114.png, 1092, 269, 216, 243, 68, 76, 108, 56
rank_01_anim0115.png, 1092, 269, 216, 243, 68, 76, 108, 56
rank_01_anim0116.png, 1092, 269, 216, 243, 68, 76, 108, 56
rank_01_anim0117.png, 1092, 269, 216, 243, 68, 76, 108, 56
rank_01_anim0118.png, 1092, 269, 216, 243, 68, 76, 108, 56
rank_01_anim0119.png, 1092, 269, 216, 243, 68, 76, 108, 56
rank_01_anim0120.png, 1092, 269, 216, 243, 68, 76, 108, 56
rank_01_anim0121.png, 1092, 269, 216, 243, 68, 76, 108, 56
rank_01_anim0122.png, 1092, 269, 216, 243, 68, 76, 108, 56
rank_01_anim0123.png, 1092, 269, 216, 243, 68, 76, 108, 56
rank_01_anim0124.png, 1092, 269, 216, 243, 68, 76, 108, 56
rank_01_anim0125.png, 1092, 269, 216, 243, 68, 76, 108, 56
rank_01_anim0126.png, 1092, 269, 216, 243, 68, 76, 108, 56
rank_01_anim0127.png, 1092, 269, 216, 243, 68, 76, 108, 56
rank_01_anim0128.png, 1092, 269, 216, 243, 68, 76, 108, 56
rank_01_anim0129.png, 1092, 269, 216, 243, 68, 76, 108, 56
rank_01_anim0130.png, 1092, 269, 216, 243, 68, 76, 108, 56
rank_01_anim0131.png, 1092, 269, 216, 243, 68, 76, 108, 56
rank_01_anim0132.png, 1092, 269, 216, 243, 68, 76, 108, 56
rank_01_anim0133.png, 1092, 269, 216, 243, 68, 76, 108, 56
rank_01_anim0134.png, 1092, 269, 216, 243, 68, 76, 108, 56
rank_01_anim0135.png, 1092, 269, 216, 243, 68, 76, 108, 56
rank_01_anim0136.png, 1092, 269, 216, 243, 68, 76, 108, 56
rank_01_anim0137.png, 1092, 269, 216, 243, 68, 76, 108, 56
rank_01_anim0138.png, 1092, 269, 216, 243, 68, 76, 108, 56
rank_01_anim0139.png, 1092, 269, 216, 243, 68, 76, 108, 56
rank_01_anim0140.png, 1092, 269, 216, 243, 68, 76, 108, 56
rank_01_anim0141.png, 1092, 269, 216, 243, 68, 76, 108, 56
rank_01_anim0142.png, 1092, 269, 216, 243, 68, 76, 108, 56
rank_01_anim0143.png, 1092, 269, 216, 243, 68, 76, 108, 56
rank_01_anim0144.png, 1092, 269, 216, 243, 68, 76, 108, 56
rank_01_anim0145.png, 1092, 269, 216, 243, 68, 76, 108, 56
rank_01_anim0146.png, 1092, 269, 216, 243, 68, 76, 108, 56
rank_01_anim0147.png, 1092, 269, 216, 243, 68, 76, 108, 56
rank_01_anim0148.png, 1092, 269, 216, 243, 68, 76, 108, 56
rank_01_anim0149.png, 1092, 269, 216, 243, 68, 76, 108, 56
rank_01_anim0150.png, 2, 2, 216, 243, 68, 76, 108, 56
rank_01_anim0151.png, 220, 2, 216, 247, 68, 72, 108, 56
rank_01_anim0152.png, 438, 2, 216, 251, 68, 68, 108, 56
rank_01_anim0153.png, 656, 2, 216, 257, 68, 62, 108, 56
rank_01_anim0154.png, 874, 2, 216, 261, 68, 58, 108, 56
rank_01_anim0155.png, 1092, 2, 216, 265, 68, 54, 108, 56
rank_01_anim0156.png, 1310, 2, 216, 263, 68, 56, 108, 56
rank_01_anim0157.png, 1528, 2, 216, 259, 68, 60, 108, 56
rank_01_anim0158.png, 1746, 2, 216, 257, 68, 62, 108, 56
rank_01_anim0159.png, 2, 269, 216, 253, 68, 66, 108, 56
rank_01_anim0160.png, 220, 269, 216, 251, 68, 68, 108, 56
rank_01_anim0161.png, 438, 269, 216, 247, 68, 72, 108, 56
rank_01_anim0162.png, 656, 269, 216, 245, 68, 74, 108, 56
rank_01_anim0163.png, 874, 269, 216, 243, 68, 76, 108, 56
rank_01_anim0164.png, 1092, 269, 216, 243, 68, 76, 108, 56
rank_01_anim0165.png, 1092, 269, 216, 243, 68, 76, 108, 56
rank_01_anim0166.png, 1092, 269, 216, 243, 68, 76, 108, 56
rank_01_anim0167.png, 1092, 269, 216, 243, 68, 76, 108, 56
rank_01_anim0168.png, 1092, 269, 216, 243, 68, 76, 108, 56
rank_01_anim0169.png, 1092, 269, 216, 243, 68, 76, 108, 56
rank_01_anim0170.png, 1092, 269, 216, 243, 68, 76, 108, 56
rank_01_anim0171.png, 1092, 269, 216, 243, 68, 76, 108, 56
rank_01_anim0172.png, 1092, 269, 216, 243, 68, 76, 108, 56
rank_01_anim0173.png, 1092, 269, 216, 243, 68, 76, 108, 56
rank_01_anim0174.png, 1092, 269, 216, 243, 68, 76, 108, 56
rank_01_anim0175.png, 1092, 269, 216, 243, 68, 76, 108, 56
rank_01_anim0176.png, 1092, 269, 216, 243, 68, 76, 108, 56
rank_01_anim0177.png, 1092, 269, 216, 243, 68, 76, 108, 56
rank_01_anim0178.png, 1092, 269, 216, 243, 68, 76, 108, 56
rank_01_anim0179.png, 1092, 269, 216, 243, 68, 76, 108, 56
rank_01_anim0180.png, 1092, 269, 216, 243, 68, 76, 108, 56
rank_01_anim0181.png, 1092, 269, 216, 243, 68, 76, 108, 56
rank_01_anim0182.png, 1092, 269, 216, 243, 68, 76, 108, 56
rank_01_anim0183.png, 1092, 269, 216, 243, 68, 76, 108, 56
rank_01_anim0184.png, 1092, 269, 216, 243, 68, 76, 108, 56
rank_01_anim0185.png, 1092, 269, 216, 243, 68, 76, 108, 56
rank_01_anim0186.png, 1092, 269, 216, 243, 68, 76, 108, 56
rank_01_anim0187.png, 1092, 269, 216, 243, 68, 76, 108, 56
rank_01_anim0188.png, 1092, 269, 216, 243, 68, 76, 108, 56
rank_01_anim0189.png, 1092, 269, 216, 243, 68, 76, 108, 56
rank_01_anim0190.png, 1092, 269, 216, 243, 68, 76, 108, 56
rank_01_anim0191.png, 1092, 269, 216, 243, 68, 76, 108, 56
rank_01_anim0192.png, 1092, 269, 216, 243, 68, 76, 108, 56
rank_01_anim0193.png, 1092, 269, 216, 243, 68, 76, 108, 56
rank_01_anim0194.png, 1092, 269, 216, 243, 68, 76, 108, 56
rank_01_anim0195.png, 1092, 269, 216, 243, 68, 76, 108, 56
rank_01_anim0196.png, 1092, 269, 216, 243, 68, 76, 108, 56
rank_01_anim0197.png, 1092, 269, 216, 243, 68, 76, 108, 56
rank_01_anim0198.png, 1092, 269, 216, 243, 68, 76, 108, 56
rank_01_anim0199.png, 1092, 269, 216, 243, 68, 76, 108, 56
rank_01_anim0200.png, 1092, 269, 216, 243, 68, 76, 108, 56
