red-eyes0001.png, 350, 260, 114, 84, 238, 86, 208, 390
red-eyes0002.png, 234, 260, 114, 84, 238, 86, 208, 390
red-eyes0003.png, 118, 346, 114, 84, 238, 86, 208, 390
red-eyes0004.png, 118, 260, 114, 84, 238, 86, 208, 390
red-eyes0005.png, 118, 346, 114, 84, 238, 86, 208, 390
red-eyes0006.png, 234, 260, 114, 84, 238, 86, 208, 390
red-eyes0007.png, 350, 260, 114, 84, 238, 86, 208, 390
red-eyes0008.png, 350, 260, 114, 84, 238, 86, 208, 390
red-eyes0009.png, 350, 260, 114, 84, 238, 86, 208, 390
red-eyes0010.png, 350, 260, 114, 84, 238, 86, 208, 390
red-eyes0011.png, 350, 260, 114, 84, 238, 86, 208, 390
red-eyes0012.png, 350, 260, 114, 84, 238, 86, 208, 390
red-eyes0013.png, 350, 260, 114, 84, 238, 86, 208, 390
red-eyes0014.png, 350, 260, 114, 84, 238, 86, 208, 390
red-eyes0015.png, 350, 260, 114, 84, 238, 86, 208, 390
red-eyes0016.png, 350, 260, 114, 84, 238, 86, 208, 390
red-eyes0017.png, 350, 260, 114, 84, 238, 86, 208, 390
red-eyes0018.png, 350, 260, 114, 84, 238, 86, 208, 390
red-eyes0019.png, 350, 260, 114, 84, 238, 86, 208, 390
red-eyes0020.png, 350, 260, 114, 84, 238, 86, 208, 390
red-eyes0021.png, 350, 260, 114, 84, 238, 86, 208, 390
red-eyes0022.png, 350, 260, 114, 84, 238, 86, 208, 390
red-eyes0023.png, 350, 260, 114, 84, 238, 86, 208, 390
red-eyes0024.png, 350, 260, 114, 84, 238, 86, 208, 390
red-eyes0025.png, 350, 260, 114, 84, 238, 86, 208, 390
red-eyes0026.png, 350, 260, 114, 84, 238, 86, 208, 390
red-eyes0027.png, 350, 260, 114, 84, 238, 86, 208, 390
red-eyes0028.png, 350, 260, 114, 84, 238, 86, 208, 390
red-eyes0029.png, 350, 260, 114, 84, 238, 86, 208, 390
red-eyes0030.png, 350, 260, 114, 84, 238, 86, 208, 390
red-eyes0031.png, 350, 260, 114, 84, 238, 86, 208, 390
red-eyes0032.png, 350, 260, 114, 84, 238, 86, 208, 390
red-eyes0033.png, 350, 260, 114, 84, 238, 86, 208, 390
red-eyes0034.png, 350, 260, 114, 84, 238, 86, 208, 390
red-eyes0035.png, 350, 260, 114, 84, 238, 86, 208, 390
red-eyes0036.png, 118, 346, 114, 84, 238, 86, 208, 390
red-eyes0037.png, 118, 260, 114, 84, 238, 86, 208, 390
red-eyes0038.png, 118, 260, 114, 84, 238, 86, 208, 390
red-eyes0039.png, 234, 260, 114, 84, 238, 86, 208, 390
red-eyes0040.png, 350, 260, 114, 84, 238, 86, 208, 390
red-eyes0041.png, 118, 346, 114, 84, 238, 86, 208, 390
red-eyes0042.png, 118, 260, 114, 84, 238, 86, 208, 390
red-eyes0043.png, 118, 260, 114, 84, 238, 86, 208, 390
red-eyes0044.png, 234, 260, 114, 84, 238, 86, 208, 390
red-eyes0045.png, 350, 260, 114, 84, 238, 86, 208, 390
red-eyes0046.png, 350, 260, 114, 84, 238, 86, 208, 390
red-eyes0047.png, 350, 260, 114, 84, 238, 86, 208, 390
red-eyes0048.png, 350, 260, 114, 84, 238, 86, 208, 390
red-eyes0049.png, 350, 260, 114, 84, 238, 86, 208, 390
red-eyes0050.png, 350, 260, 114, 84, 238, 86, 208, 390
red-eyes0051.png, 350, 260, 114, 84, 238, 86, 208, 390
red-eyes0052.png, 350, 260, 114, 84, 238, 86, 208, 390
red-eyes0053.png, 350, 260, 114, 84, 238, 86, 208, 390
red-eyes0054.png, 350, 260, 114, 84, 238, 86, 208, 390
red-eyes0055.png, 350, 260, 114, 84, 238, 86, 208, 390
red-eyes0056.png, 350, 260, 114, 84, 238, 86, 208, 390
red-eyes0057.png, 350, 260, 114, 84, 238, 86, 208, 390
red-eyes0058.png, 350, 174, 114, 84, 238, 86, 208, 390
red-eyes0059.png, 234, 174, 114, 84, 238, 86, 208, 390
red-eyes0060.png, 118, 174, 114, 84, 238, 86, 208, 390
red-eyes0061.png, 350, 88, 114, 84, 238, 86, 208, 390
red-eyes0062.png, 234, 88, 114, 84, 238, 86, 208, 390
red-eyes0063.png, 234, 88, 114, 84, 238, 86, 208, 390
red-eyes0064.png, 234, 88, 114, 84, 238, 86, 208, 390
red-eyes0065.png, 234, 88, 114, 84, 238, 86, 208, 390
red-eyes0066.png, 234, 88, 114, 84, 238, 86, 208, 390
red-eyes0067.png, 234, 88, 114, 84, 238, 86, 208, 390
red-eyes0068.png, 234, 88, 114, 84, 238, 86, 208, 390
red-eyes0069.png, 234, 88, 114, 84, 238, 86, 208, 390
red-eyes0070.png, 234, 88, 114, 84, 238, 86, 208, 390
red-eyes0071.png, 234, 88, 114, 84, 238, 86, 208, 390
red-eyes0072.png, 234, 88, 114, 84, 238, 86, 208, 390
red-eyes0073.png, 234, 88, 114, 84, 238, 86, 208, 390
red-eyes0074.png, 234, 88, 114, 84, 238, 86, 208, 390
red-eyes0075.png, 234, 88, 114, 84, 238, 86, 208, 390
red-eyes0076.png, 234, 88, 114, 84, 238, 86, 208, 390
red-eyes0077.png, 234, 88, 114, 84, 238, 86, 208, 390
red-eyes0078.png, 234, 88, 114, 84, 238, 86, 208, 390
red-eyes0079.png, 234, 88, 114, 84, 238, 86, 208, 390
red-eyes0080.png, 234, 88, 114, 84, 238, 86, 208, 390
red-eyes0081.png, 234, 88, 114, 84, 238, 86, 208, 390
red-eyes0082.png, 234, 88, 114, 84, 238, 86, 208, 390
red-eyes0083.png, 118, 88, 114, 84, 238, 86, 208, 390
red-eyes0084.png, 2, 346, 114, 84, 238, 86, 208, 390
red-eyes0085.png, 118, 260, 114, 84, 238, 86, 208, 390
red-eyes0086.png, 2, 346, 114, 84, 238, 86, 208, 390
red-eyes0087.png, 118, 88, 114, 84, 238, 86, 208, 390
red-eyes0088.png, 234, 88, 114, 84, 238, 86, 208, 390
red-eyes0089.png, 234, 88, 114, 84, 238, 86, 208, 390
red-eyes0090.png, 234, 88, 114, 84, 238, 86, 208, 390
red-eyes0091.png, 234, 88, 114, 84, 238, 86, 208, 390
red-eyes0092.png, 234, 88, 114, 84, 238, 86, 208, 390
red-eyes0093.png, 234, 88, 114, 84, 238, 86, 208, 390
red-eyes0094.png, 234, 88, 114, 84, 238, 86, 208, 390
red-eyes0095.png, 234, 88, 114, 84, 238, 86, 208, 390
red-eyes0096.png, 234, 88, 114, 84, 238, 86, 208, 390
red-eyes0097.png, 234, 88, 114, 84, 238, 86, 208, 390
red-eyes0098.png, 234, 88, 114, 84, 238, 86, 208, 390
red-eyes0099.png, 234, 88, 114, 84, 238, 86, 208, 390
red-eyes0100.png, 234, 88, 114, 84, 238, 86, 208, 390
red-eyes0101.png, 234, 88, 114, 84, 238, 86, 208, 390
red-eyes0102.png, 234, 88, 114, 84, 238, 86, 208, 390
red-eyes0103.png, 234, 88, 114, 84, 238, 86, 208, 390
red-eyes0104.png, 234, 88, 114, 84, 238, 86, 208, 390
red-eyes0105.png, 234, 88, 114, 84, 238, 86, 208, 390
red-eyes0106.png, 234, 88, 114, 84, 238, 86, 208, 390
red-eyes0107.png, 234, 88, 114, 84, 238, 86, 208, 390
red-eyes0108.png, 234, 88, 114, 84, 238, 86, 208, 390
red-eyes0109.png, 234, 88, 114, 84, 238, 86, 208, 390
red-eyes0110.png, 234, 88, 114, 84, 238, 86, 208, 390
red-eyes0111.png, 234, 88, 114, 84, 238, 86, 208, 390
red-eyes0112.png, 234, 88, 114, 84, 238, 86, 208, 390
red-eyes0113.png, 234, 88, 114, 84, 238, 86, 208, 390
red-eyes0114.png, 234, 88, 114, 84, 238, 86, 208, 390
red-eyes0115.png, 234, 88, 114, 84, 238, 86, 208, 390
red-eyes0116.png, 234, 88, 114, 84, 238, 86, 208, 390
red-eyes0117.png, 234, 174, 114, 84, 238, 86, 208, 390
red-eyes0118.png, 350, 174, 114, 84, 238, 86, 208, 390
red-eyes0119.png, 2, 260, 114, 84, 238, 86, 208, 390
red-eyes0120.png, 2, 174, 114, 84, 238, 86, 208, 390
red-eyes0121.png, 350, 260, 114, 84, 238, 86, 208, 390
red-eyes0122.png, 350, 260, 114, 84, 238, 86, 208, 390
red-eyes0123.png, 350, 260, 114, 84, 238, 86, 208, 390
red-eyes0124.png, 350, 260, 114, 84, 238, 86, 208, 390
red-eyes0125.png, 350, 260, 114, 84, 238, 86, 208, 390
red-eyes0126.png, 350, 260, 114, 84, 238, 86, 208, 390
red-eyes0127.png, 350, 260, 114, 84, 238, 86, 208, 390
red-eyes0128.png, 350, 260, 114, 84, 238, 86, 208, 390
red-eyes0129.png, 350, 260, 114, 84, 238, 86, 208, 390
red-eyes0130.png, 350, 260, 114, 84, 238, 86, 208, 390
red-eyes0131.png, 350, 260, 114, 84, 238, 86, 208, 390
red-eyes0132.png, 350, 260, 114, 84, 238, 86, 208, 390
red-eyes0133.png, 350, 260, 114, 84, 238, 86, 208, 390
red-eyes0134.png, 350, 260, 114, 84, 238, 86, 208, 390
red-eyes0135.png, 350, 260, 114, 84, 238, 86, 208, 390
red-eyes0136.png, 350, 260, 114, 84, 238, 86, 208, 390
red-eyes0137.png, 350, 260, 114, 84, 238, 86, 208, 390
red-eyes0138.png, 350, 260, 114, 84, 238, 86, 208, 390
red-eyes0139.png, 350, 260, 114, 84, 238, 86, 208, 390
red-eyes0140.png, 350, 260, 114, 84, 238, 86, 208, 390
red-eyes0141.png, 350, 260, 114, 84, 238, 86, 208, 390
red-eyes0142.png, 234, 260, 114, 84, 238, 86, 208, 390
red-eyes0143.png, 118, 346, 114, 84, 238, 86, 208, 390
red-eyes0144.png, 118, 260, 114, 84, 238, 86, 208, 390
red-eyes0145.png, 118, 346, 114, 84, 238, 86, 208, 390
red-eyes0146.png, 234, 260, 114, 84, 238, 86, 208, 390
red-eyes0147.png, 350, 260, 114, 84, 238, 86, 208, 390
red-eyes0148.png, 350, 260, 114, 84, 238, 86, 208, 390
red-eyes0149.png, 350, 260, 114, 84, 238, 86, 208, 390
red-eyes0150.png, 350, 260, 114, 84, 238, 86, 208, 390
red-eyes0151.png, 350, 260, 114, 84, 238, 86, 208, 390
red-eyes0152.png, 350, 260, 114, 84, 238, 86, 208, 390
red-eyes0153.png, 350, 260, 114, 84, 238, 86, 208, 390
red-eyes0154.png, 350, 260, 114, 84, 238, 86, 208, 390
red-eyes0155.png, 350, 260, 114, 84, 238, 86, 208, 390
red-eyes0156.png, 350, 260, 114, 84, 238, 86, 208, 390
red-eyes0157.png, 350, 260, 114, 84, 238, 86, 208, 390
red-eyes0158.png, 350, 260, 114, 84, 238, 86, 208, 390
red-eyes0159.png, 350, 260, 114, 84, 238, 86, 208, 390
red-eyes0160.png, 350, 260, 114, 84, 238, 86, 208, 390
red-eyes0161.png, 350, 260, 114, 84, 238, 86, 208, 390
red-eyes0162.png, 350, 260, 114, 84, 238, 86, 208, 390
red-eyes0163.png, 350, 260, 114, 84, 238, 86, 208, 390
red-eyes0164.png, 350, 260, 114, 84, 238, 86, 208, 390
red-eyes0165.png, 350, 260, 114, 84, 238, 86, 208, 390
red-eyes0166.png, 234, 260, 114, 84, 238, 86, 208, 390
red-eyes0167.png, 118, 346, 114, 84, 238, 86, 208, 390
red-eyes0168.png, 118, 260, 114, 84, 238, 86, 208, 390
red-eyes0169.png, 2, 88, 114, 84, 238, 86, 208, 390
red-eyes0170.png, 350, 2, 114, 84, 238, 86, 208, 390
red-eyes0171.png, 234, 2, 114, 84, 238, 86, 208, 390
red-eyes0172.png, 234, 2, 114, 84, 238, 86, 208, 390
red-eyes0173.png, 234, 2, 114, 84, 238, 86, 208, 390
red-eyes0174.png, 234, 2, 114, 84, 238, 86, 208, 390
red-eyes0175.png, 234, 2, 114, 84, 238, 86, 208, 390
red-eyes0176.png, 234, 2, 114, 84, 238, 86, 208, 390
red-eyes0177.png, 234, 2, 114, 84, 238, 86, 208, 390
red-eyes0178.png, 234, 2, 114, 84, 238, 86, 208, 390
red-eyes0179.png, 234, 2, 114, 84, 238, 86, 208, 390
red-eyes0180.png, 234, 2, 114, 84, 238, 86, 208, 390
red-eyes0181.png, 234, 2, 114, 84, 238, 86, 208, 390
red-eyes0182.png, 234, 2, 114, 84, 238, 86, 208, 390
red-eyes0183.png, 234, 2, 114, 84, 238, 86, 208, 390
red-eyes0184.png, 234, 2, 114, 84, 238, 86, 208, 390
red-eyes0185.png, 350, 2, 114, 84, 238, 86, 208, 390
red-eyes0186.png, 350, 2, 114, 84, 238, 86, 208, 390
red-eyes0187.png, 350, 2, 114, 84, 238, 86, 208, 390
red-eyes0188.png, 350, 2, 114, 84, 238, 86, 208, 390
red-eyes0189.png, 350, 2, 114, 84, 238, 86, 208, 390
red-eyes0190.png, 350, 2, 114, 84, 238, 86, 208, 390
red-eyes0191.png, 350, 2, 114, 84, 238, 86, 208, 390
red-eyes0192.png, 350, 2, 114, 84, 238, 86, 208, 390
red-eyes0193.png, 350, 2, 114, 84, 238, 86, 208, 390
red-eyes0194.png, 350, 2, 114, 84, 238, 86, 208, 390
red-eyes0195.png, 350, 2, 114, 84, 238, 86, 208, 390
red-eyes0196.png, 350, 2, 114, 84, 238, 86, 208, 390
red-eyes0197.png, 350, 2, 114, 84, 238, 86, 208, 390
red-eyes0198.png, 350, 2, 114, 84, 238, 86, 208, 390
red-eyes0199.png, 350, 2, 114, 84, 238, 86, 208, 390
red-eyes0200.png, 350, 2, 114, 84, 238, 86, 208, 390
red-eyes0201.png, 350, 2, 114, 84, 238, 86, 208, 390
red-eyes0202.png, 350, 2, 114, 84, 238, 86, 208, 390
red-eyes0203.png, 350, 2, 114, 84, 238, 86, 208, 390
red-eyes0204.png, 350, 2, 114, 84, 238, 86, 208, 390
red-eyes0205.png, 350, 2, 114, 84, 238, 86, 208, 390
red-eyes0206.png, 350, 2, 114, 84, 238, 86, 208, 390
red-eyes0207.png, 350, 2, 114, 84, 238, 86, 208, 390
red-eyes0208.png, 350, 2, 114, 84, 238, 86, 208, 390
red-eyes0209.png, 350, 2, 114, 84, 238, 86, 208, 390
red-eyes0210.png, 350, 2, 114, 84, 238, 86, 208, 390
red-eyes0211.png, 350, 2, 114, 84, 238, 86, 208, 390
red-eyes0212.png, 350, 2, 114, 84, 238, 86, 208, 390
red-eyes0213.png, 350, 2, 114, 84, 238, 86, 208, 390
red-eyes0214.png, 350, 2, 114, 84, 238, 86, 208, 390
red-eyes0215.png, 350, 2, 114, 84, 238, 86, 208, 390
red-eyes0216.png, 350, 2, 114, 84, 238, 86, 208, 390
red-eyes0217.png, 350, 2, 114, 84, 238, 86, 208, 390
red-eyes0218.png, 350, 2, 114, 84, 238, 86, 208, 390
red-eyes0219.png, 350, 2, 114, 84, 238, 86, 208, 390
red-eyes0220.png, 350, 2, 114, 84, 238, 86, 208, 390
red-eyes0221.png, 350, 2, 114, 84, 238, 86, 208, 390
red-eyes0222.png, 350, 2, 114, 84, 238, 86, 208, 390
red-eyes0223.png, 350, 2, 114, 84, 238, 86, 208, 390
red-eyes0224.png, 350, 2, 114, 84, 238, 86, 208, 390
red-eyes0225.png, 350, 2, 114, 84, 238, 86, 208, 390
red-eyes0226.png, 350, 2, 114, 84, 238, 86, 208, 390
red-eyes0227.png, 350, 2, 114, 84, 238, 86, 208, 390
red-eyes0228.png, 350, 2, 114, 84, 238, 86, 208, 390
red-eyes0229.png, 350, 2, 114, 84, 238, 86, 208, 390
red-eyes0230.png, 350, 2, 114, 84, 238, 86, 208, 390
red-eyes0231.png, 350, 2, 114, 84, 238, 86, 208, 390
red-eyes0232.png, 350, 2, 114, 84, 238, 86, 208, 390
red-eyes0233.png, 350, 2, 114, 84, 238, 86, 208, 390
red-eyes0234.png, 350, 2, 114, 84, 238, 86, 208, 390
red-eyes0235.png, 234, 2, 114, 84, 238, 86, 208, 390
red-eyes0236.png, 118, 2, 114, 84, 238, 86, 208, 390
red-eyes0237.png, 2, 2, 114, 84, 238, 86, 208, 390
red-eyes0238.png, 350, 260, 114, 84, 238, 86, 208, 390
red-eyes0239.png, 350, 260, 114, 84, 238, 86, 208, 390
red-eyes0240.png, 350, 260, 114, 84, 238, 86, 208, 390
red-eyes0241.png, 350, 260, 114, 84, 238, 86, 208, 390
red-eyes0242.png, 350, 260, 114, 84, 238, 86, 208, 390
red-eyes0243.png, 234, 260, 114, 84, 238, 86, 208, 390
red-eyes0244.png, 118, 346, 114, 84, 238, 86, 208, 390
red-eyes0245.png, 118, 260, 114, 84, 238, 86, 208, 390
red-eyes0246.png, 118, 346, 114, 84, 238, 86, 208, 390
red-eyes0247.png, 234, 260, 114, 84, 238, 86, 208, 390
red-eyes0248.png, 350, 260, 114, 84, 238, 86, 208, 390
red-eyes0249.png, 350, 260, 114, 84, 238, 86, 208, 390
red-eyes0250.png, 350, 260, 114, 84, 238, 86, 208, 390
