star_glow_010001.png, 0, 0, 0, 0, 0, 0, 77, 77
star_glow_010002.png, 2, 0, 7, 7, 12, 30, 58, 40
star_glow_010003.png, 11, 0, 15, 15, 12, 27, 50, 35
star_glow_010004.png, 28, 0, 29, 35, 12, 14, 36, 28
star_glow_010005.png, 59, 0, 33, 49, 12, 14, 32, 14
star_glow_010006.png, 94, 0, 37, 49, 12, 14, 28, 14
star_glow_010007.png, 133, 0, 43, 49, 13, 14, 21, 14
star_glow_010008.png, 178, 0, 49, 49, 13, 14, 15, 14
star_glow_010009.png, 0, 51, 51, 49, 12, 14, 14, 14
star_glow_010010.png, 53, 51, 49, 49, 14, 14, 14, 14
star_glow_010011.png, 104, 51, 45, 49, 18, 14, 14, 14
star_glow_010012.png, 151, 51, 43, 49, 20, 14, 14, 14
star_glow_010013.png, 196, 51, 43, 45, 20, 18, 14, 14
star_glow_010014.png, 0, 102, 41, 41, 22, 22, 14, 14
star_glow_010015.png, 43, 102, 35, 37, 28, 26, 14, 14
star_glow_010016.png, 80, 102, 31, 35, 32, 28, 14, 14
star_glow_010017.png, 113, 102, 25, 35, 38, 28, 14, 14
star_glow_010018.png, 140, 102, 23, 35, 40, 28, 14, 14
star_glow_010019.png, 165, 102, 19, 33, 44, 30, 14, 14
star_glow_010020.png, 186, 102, 17, 33, 46, 30, 14, 14
star_glow_010021.png, 205, 102, 9, 13, 47, 50, 21, 14
star_glow_010022.png, 216, 102, 7, 7, 49, 56, 21, 14
star_glow_010023.png, 0, 0, 0, 0, 0, 0, 77, 77
star_glow_010024.png, 0, 0, 0, 0, 0, 0, 77, 77
star_glow_010025.png, 0, 0, 0, 0, 0, 0, 77, 77
